0.000     0.00002400     0.000     0.000
0.012     0.00004028     0.000     0.000
0.023     0.00001261     0.000     0.000
0.035     0.00000863     0.000     0.000
0.046     0.00001543     0.000     0.000
0.058     0.00002199     0.000     0.000
0.070     0.00000568     0.000     0.000
0.081     0.00000455     0.000     0.000
0.093     0.00001959     0.000     0.000
0.104     0.00001314     0.000     0.000
0.116     0.00001054     0.000     0.000
0.128     0.00000436     0.000     0.000
0.139     0.00002606     0.000     0.000
0.151     0.00001479     0.000     0.000
0.163     0.00003144     0.000     0.000
0.174     0.00000609     0.000     0.000
0.186     0.00002749     0.000     0.000
0.197     0.00001429     0.000     0.000
0.209     0.00002689     0.000     0.000
0.221     0.00000424     0.000     0.000
0.232     0.00000862     0.000     0.000
0.244     0.00000701     0.000     0.000
0.255     0.00000914     0.000     0.000
0.267     0.00000664     0.000     0.000
0.279     0.00000428     0.000     0.000
0.290     0.00001390     0.000     0.000
0.302     0.00001334     0.000     0.000
0.313     0.00002335     0.000     0.000
0.325     0.00001289     0.000     0.000
0.337     0.00001835     0.000     0.000
0.348     0.00001695     0.000     0.000
0.360     0.00001793     0.000     0.000
0.372     0.00002174     0.000     0.000
0.383     0.00002714     0.000     0.000
0.395     0.00003282     0.000     0.000
0.406     0.00002012     0.000     0.000
0.418     0.00002769     0.000     0.000
0.430     0.00002089     0.000     0.000
0.441     0.00002437     0.000     0.000
0.453     0.00001763     0.000     0.000
0.464     0.00001496     0.000     0.000
0.476     0.00001136     0.000     0.000
0.488     0.00000988     0.000     0.000
0.499     0.00000818     0.000     0.000
0.511     0.00000424     0.000     0.000
0.522     0.00000596     0.000     0.000
0.534     0.00000458     0.000     0.000
0.546     0.00000527     0.000     0.000
0.557     0.00000201     0.000     0.000
0.569     0.00000346     0.000     0.000
0.580     0.00000168     0.000     0.000
0.592     0.00000530     0.000     0.000
0.604     0.00000096     0.000     0.000
0.615     0.00000431     0.000     0.000
0.627     0.00000204     0.000     268.826
0.639     0.00000935     140.444     268.826
0.650     0.00002393     140.492     268.826
0.662     0.00015349     144.011     268.826
0.673     0.00043245     150.185     268.826
0.685     0.00135962     159.166     268.826
0.697     0.00400013     171.184     268.826
0.708     0.00844321     186.367     268.826
0.720     0.01306636     203.433     268.826
0.731     0.02334914     222.284     268.826
0.743     0.02649492     234.936     268.826
0.755     0.02228097     243.638     268.826
0.766     0.02408380     247.877     268.826
0.778     0.01964024     250.581     268.826
0.789     0.01560056     253.505     268.826
0.801     0.01381048     256.999     268.826
0.813     0.01035761     263.492     268.826
0.824     0.00950061     269.809     268.826
0.836     0.00719142     275.449     268.826
0.848     0.00564594     279.383     268.826
0.859     0.00646312     281.002     268.826
0.871     0.00635913     280.459     268.826
0.882     0.00517157     276.700     268.826
0.894     0.00397453     270.525     268.826
0.906     0.00381788     265.586     268.826
0.917     0.00326928     262.122     268.826
0.929     0.00233783     257.957     268.826
0.940     0.00253607     258.538     268.826
0.952     0.00254593     263.762     268.826
0.964     0.00265433     278.260     268.826
0.975     0.00510740     295.154     338.699
0.987     0.01549218     310.935     338.699
0.998     0.03314712     322.496     338.699
1.010     0.05170907     333.831     338.699
1.022     0.06111220     343.686     338.699
1.033     0.05452935     351.263     338.699
1.045     0.05325664     353.321     338.699
1.057     0.04958010     353.401     338.699
1.068     0.03710632     351.542     338.699
1.080     0.03294034     346.023     338.699
1.091     0.03005322     340.296     338.699
1.103     0.02480217     334.822     338.699
1.115     0.02379898     330.337     338.699
1.126     0.02516562     330.422     338.699
1.138     0.02994430     333.095     338.699
1.149     0.03492318     337.730     338.699
1.161     0.03077520     342.325     338.699
1.173     0.02817639     345.046     338.699
1.184     0.02707596     345.526     338.699
1.196     0.01916603     343.977     338.699
1.207     0.00879135     340.970     338.699
1.219     0.00705235     336.845     338.699
1.231     0.00925822     331.325     338.699
1.242     0.00839338     326.272     338.699
1.254     0.00801198     322.339     0.000
1.265     0.01420353     320.404     0.000
1.277     0.02349122     324.156     358.839
1.289     0.02182179     329.280     358.839
1.300     0.02138752     334.963     358.839
1.312     0.02416113     341.428     358.839
1.324     0.01886713     345.856     358.839
1.335     0.01782821     348.197     358.839
1.347     0.01951969     348.306     358.839
1.358     0.01803754     348.411     358.839
1.370     0.01907705     348.720     358.839
1.382     0.02161327     349.627     358.839
1.393     0.02344277     349.967     358.839
1.405     0.02276610     349.642     358.839
1.416     0.02436622     348.487     358.839
1.428     0.02682161     347.934     358.839
1.440     0.02434737     348.209     358.839
1.451     0.01920356     349.158     358.839
1.463     0.01296251     350.759     358.839
1.474     0.00923608     353.719     358.839
1.486     0.00826230     356.474     358.839
1.498     0.00497835     356.562     358.839
1.509     0.00190439     355.236     358.839
1.521     0.00192865     352.900     358.839
1.533     0.00182463     349.270     358.839
1.544     0.00153136     350.187     358.839
1.556     0.00140571     351.032     358.839
1.567     0.00190206     351.434     358.839
1.579     0.00398121     346.369     358.839
1.591     0.00754672     343.275     358.839
1.602     0.01240727     342.337     0.000
1.614     0.01744470     346.174     358.839
1.625     0.02273265     349.597     358.839
1.637     0.02540054     351.578     358.839
1.649     0.02554470     351.123     358.839
1.660     0.02549701     350.001     358.839
1.672     0.02537997     349.258     358.839
1.683     0.02610372     349.114     358.839
1.695     0.02573666     347.506     358.839
1.707     0.02513890     346.099     358.839
1.718     0.02452146     344.932     358.839
1.730     0.02810784     344.490     358.839
1.741     0.03522005     344.478     358.839
1.753     0.03656681     345.270     358.839
1.765     0.03358729     347.826     358.839
1.776     0.03222178     352.851     358.839
1.788     0.03202431     356.701     358.839
1.800     0.02795324     358.147     358.839
1.811     0.02489430     356.012     358.839
1.823     0.02298126     353.951     358.839
1.834     0.01174864     351.762     358.839
1.846     0.00405884     346.968     358.839
1.858     0.00647001     345.311     358.839
1.869     0.00498165     0.000     358.839
1.881     0.00441855     0.000     358.839
1.892     0.00448862     0.000     0.000
1.904     0.00199356     0.000     0.000
1.916     0.00277108     0.000     0.000
1.927     0.00231236     0.000     0.000
1.939     0.00270246     0.000     0.000
1.950     0.00367701     0.000     0.000
1.962     0.00170908     0.000     358.839
1.974     0.00062397     362.227     358.839
1.985     0.00265220     362.301     358.839
1.997     0.00884567     362.674     358.839
2.009     0.01785539     362.225     358.839
2.020     0.01964843     361.361     358.839
2.032     0.01690564     360.176     358.839
2.043     0.01651550     359.608     358.839
2.055     0.01765435     358.708     358.839
2.067     0.02194742     357.265     358.839
2.078     0.02454640     356.616     358.839
2.090     0.02479471     353.761     358.839
2.101     0.02025565     349.230     358.839
2.113     0.01575785     344.032     358.839
2.125     0.01438186     340.286     358.839
2.136     0.01179663     337.324     358.839
2.148     0.01173156     334.424     358.839
2.159     0.01406808     334.621     358.839
2.171     0.01547902     336.928     358.839
2.183     0.01661896     341.841     358.839
2.194     0.02002970     348.336     358.839
2.206     0.02464984     354.222     358.839
2.218     0.02932340     359.350     358.839
2.229     0.02994021     361.773     358.839
2.241     0.02559499     361.439     358.839
2.252     0.02538632     359.722     358.839
2.264     0.02452442     358.015     358.839
2.276     0.01922319     354.929     358.839
2.287     0.02339476     351.243     358.839
2.299     0.02402695     347.366     358.839
2.310     0.01910788     344.358     358.839
2.322     0.01951965     343.235     358.839
2.334     0.02291971     344.602     358.839
2.345     0.02693967     348.282     358.839
2.357     0.02874487     352.202     358.839
2.368     0.03417145     356.267     358.839
2.380     0.03465129     360.168     358.839
2.392     0.03189063     365.427     358.839
2.403     0.02969290     369.801     358.839
2.415     0.03095039     370.731     358.839
2.426     0.03343665     367.834     358.839
2.438     0.02734324     363.294     358.839
2.450     0.02258019     357.748     358.839
2.461     0.02288776     353.941     358.839
2.473     0.02277190     350.417     358.839
2.485     0.02056164     347.318     358.839
2.496     0.02216003     345.517     358.839
2.508     0.02530515     345.764     358.839
2.519     0.03149548     347.551     358.839
2.531     0.03605460     351.378     358.839
2.543     0.03594724     354.582     358.839
2.554     0.03870129     357.186     358.839
2.566     0.03910640     358.963     358.839
2.577     0.03263418     358.498     358.839
2.589     0.03047139     357.146     358.839
2.601     0.03496573     355.224     358.839
2.612     0.03998647     353.587     358.839
2.624     0.03888205     352.027     358.839
2.635     0.02905214     350.542     358.839
2.647     0.02308908     349.145     358.839
2.659     0.02931140     348.147     358.839
2.670     0.03226057     348.010     358.839
2.682     0.02743116     349.707     358.839
2.694     0.03378204     352.847     358.839
2.705     0.03799283     356.609     358.839
2.717     0.03568019     360.967     358.839
2.728     0.03449648     363.839     358.839
2.740     0.03720888     365.342     358.839
2.752     0.03335007     365.443     358.839
2.763     0.02777244     362.283     358.839
2.775     0.03425731     357.484     358.839
2.786     0.03445303     352.280     358.839
2.798     0.02614248     348.046     358.839
2.810     0.02232112     344.799     358.839
2.821     0.02213119     342.859     358.839
2.833     0.02593654     342.846     358.839
2.844     0.03072807     345.049     358.839
2.856     0.03244108     347.915     358.839
2.868     0.03298183     351.480     358.839
2.879     0.03706220     356.984     358.839
2.891     0.03963086     362.321     358.839
2.902     0.03018043     366.557     358.839
2.914     0.02550093     367.052     358.839
2.926     0.02489181     365.352     358.839
2.937     0.02246891     362.300     358.839
2.949     0.03096213     358.199     358.839
2.961     0.03266456     355.393     358.839
2.972     0.02993858     353.410     358.839
2.984     0.02863970     352.225     358.839
2.995     0.02236140     350.037     358.839
3.007     0.02594099     350.027     358.839
3.019     0.03214495     351.653     358.839
3.030     0.02901335     354.496     358.839
3.042     0.03139333     356.353     358.839
3.053     0.03359938     358.304     358.839
3.065     0.02498208     361.228     358.839
3.077     0.02077506     362.352     358.839
3.088     0.02587435     362.148     358.839
3.100     0.03483527     360.784     358.839
3.111     0.03474785     359.008     358.839
3.123     0.02403565     355.432     358.839
3.135     0.02317976     350.707     358.839
3.146     0.02439989     348.805     358.839
3.158     0.02366223     347.288     358.839
3.170     0.02424351     346.465     358.839
3.181     0.02098844     347.494     358.839
3.193     0.02485955     349.580     358.839
3.204     0.02838890     352.249     358.839
3.216     0.02700473     355.551     358.839
3.228     0.02705058     359.812     358.839
3.239     0.02419800     363.486     358.839
3.251     0.02812564     366.257     358.839
3.262     0.03124029     364.867     358.839
3.274     0.02936682     361.812     358.839
3.286     0.03066483     357.953     358.839
3.297     0.02753650     355.080     358.839
3.309     0.02710129     353.203     358.839
3.320     0.02430766     351.414     358.839
3.332     0.01979766     349.094     358.839
3.344     0.02226615     347.909     358.839
3.355     0.02644980     347.896     358.839
3.367     0.03060355     349.168     358.839
3.379     0.03550087     352.530     358.839
3.390     0.03373943     355.835     358.839
3.402     0.03025912     359.107     358.839
3.413     0.03054538     362.466     358.839
3.425     0.03232139     363.926     358.839
3.437     0.03428280     363.791     358.839
3.448     0.03268804     362.030     358.839
3.460     0.03148378     358.718     358.839
3.471     0.02887272     355.069     358.839
3.483     0.02752078     351.342     358.839
3.495     0.02615018     349.694     358.839
3.506     0.02108824     349.490     358.839
3.518     0.02325436     350.653     358.839
3.529     0.02518580     353.290     358.839
3.541     0.02827940     356.513     358.839
3.553     0.03459058     360.030     358.839
3.564     0.03036026     363.657     358.839
3.576     0.02814705     365.816     358.839
3.587     0.02607416     366.404     358.839
3.599     0.01876837     365.217     358.839
3.611     0.01932844     360.949     358.839
3.622     0.01990575     357.457     358.839
3.634     0.01587048     355.224     358.839
3.646     0.01740449     353.310     358.839
3.657     0.01885319     351.777     358.839
3.669     0.01859690     350.692     358.839
3.680     0.02255113     350.800     358.839
3.692     0.02530441     351.724     358.839
3.704     0.02651185     353.799     358.839
3.715     0.02596104     357.912     358.839
3.727     0.02077141     363.825     358.839
3.738     0.01630275     367.304     358.839
3.750     0.01651544     367.611     358.839
3.762     0.01599825     364.880     358.839
3.773     0.01725702     362.454     358.839
3.785     0.01558918     360.498     358.839
3.796     0.01015377     359.630     358.839
3.808     0.00732903     357.185     358.839
3.820     0.00783534     354.487     358.839
3.831     0.00766302     353.252     358.839
3.843     0.00698301     354.861     358.839
3.855     0.00634252     357.032     358.839
3.866     0.00422311     359.316     358.839
3.878     0.00358722     361.354     358.839
3.889     0.00272893     362.860     358.839
3.901     0.00203240     363.746     358.839
3.913     0.00204025     362.452     358.839
3.924     0.00200441     360.264     358.839
3.936     0.00170655     357.190     358.839
3.947     0.00180316     353.061     358.839
3.959     0.00219739     341.511     358.839
3.971     0.00195578     332.074     358.839
3.982     0.00166844     332.074     358.839
3.994     0.00161362     0.000     0.000
4.005     0.00103676     0.000     0.000
4.017     0.00066347     0.000     0.000
4.029     0.00053717     0.000     0.000
4.040     0.00040048     0.000     0.000
4.052     0.00043775     0.000     0.000
4.063     0.00036074     0.000     0.000
4.075     0.00027564     0.000     0.000
4.087     0.00038168     0.000     0.000
4.098     0.00032640     0.000     0.000
4.110     0.00028099     0.000     0.000
4.122     0.00028432     0.000     0.000
4.133     0.00013990     0.000     0.000
4.145     0.00011050     0.000     0.000
4.156     0.00014639     0.000     0.000
4.168     0.00015399     0.000     0.000
4.180     0.00013395     0.000     0.000
4.191     0.00014136     0.000     0.000
4.203     0.00011863     0.000     0.000
4.214     0.00009819     0.000     0.000
4.226     0.00010234     0.000     0.000
4.238     0.00011531     0.000     0.000
4.249     0.00010817     0.000     0.000
4.261     0.00009993     0.000     0.000
4.272     0.00008591     0.000     0.000
4.284     0.00008085     0.000     0.000
4.296     0.00011094     0.000     0.000
4.307     0.00009378     0.000     0.000
4.319     0.00009325     0.000     0.000
4.331     0.00010667     0.000     0.000
4.342     0.00006668     0.000     0.000
4.354     0.00007993     0.000     0.000
4.365     0.00011072     0.000     0.000
4.377     0.00008134     0.000     0.000
4.389     0.00007391     0.000     0.000
4.400     0.00007005     0.000     0.000
4.412     0.00006114     0.000     0.000
4.423     0.00007362     0.000     0.000
4.435     0.00006299     0.000     0.000
4.447     0.00005386     0.000     0.000
4.458     0.00005890     0.000     0.000
4.470     0.00005384     0.000     0.000
4.481     0.00005167     0.000     0.000
4.493     0.00006709     0.000     0.000
4.505     0.00006665     0.000     0.000
4.516     0.00006164     0.000     0.000
4.528     0.00005864     0.000     0.000
4.540     0.00005031     0.000     0.000
4.551     0.00004652     0.000     0.000
4.563     0.00003939     0.000     0.000
4.574     0.00003560     0.000     0.000
4.586     0.00003453     0.000     0.000
4.598     0.00004306     0.000     0.000
4.609     0.00003417     0.000     0.000
4.621     0.00003435     0.000     0.000
4.632     0.00002758     0.000     0.000
4.644     0.00004382     0.000     0.000
4.656     0.00003062     0.000     0.000
4.667     0.00002968     0.000     0.000
4.679     0.00002813     0.000     0.000
4.690     0.00004866     0.000     0.000
4.702     0.00002724     0.000     0.000
4.714     0.00002508     0.000     338.699
4.725     0.00012935     202.667     338.699
4.737     0.00071590     210.779     338.699
4.748     0.00500483     235.107     338.699
4.760     0.01515381     264.839     338.699
4.772     0.02659717     294.439     338.699
4.783     0.03062549     322.199     338.699
4.795     0.03353178     333.582     338.699
4.807     0.04312866     342.165     338.699
4.818     0.04813134     347.968     338.699
4.830     0.04675452     348.254     338.699
4.841     0.04223720     346.140     358.839
4.853     0.03337421     343.125     358.839
4.865     0.02698256     340.206     358.839
4.876     0.02476975     340.726     358.839
4.888     0.02178689     343.084     358.839
4.899     0.01829319     346.769     358.839
4.911     0.01641239     349.116     358.839
4.923     0.01415181     349.400     358.839
4.934     0.00752847     347.958     358.839
4.946     0.00521646     349.766     358.839
4.957     0.00605148     353.561     358.839
4.969     0.00368841     356.420     358.839
4.981     0.00274845     349.875     358.839
4.992     0.00264429     347.458     358.839
5.004     0.00245506     346.755     358.839
5.016     0.00171056     347.399     358.839
5.027     0.00153217     350.672     358.839
5.039     0.00138141     350.168     358.839
5.050     0.00078131     345.522     358.839
5.062     0.00078122     345.298     358.839
5.074     0.00090487     345.831     358.839
5.085     0.00067089     347.083     358.839
5.097     0.00068602     348.925     358.839
5.108     0.00078215     350.523     358.839
5.120     0.00054838     354.188     358.839
5.132     0.00033004     364.052     358.839
5.143     0.00025600     354.320     358.839
5.155     0.00032690     346.162     358.839
5.166     0.00033963     343.955     358.839
5.178     0.00027831     344.949     358.839
5.190     0.00036946     346.611     358.839
5.201     0.00104721     348.068     358.839
5.213     0.00334869     344.795     358.839
5.224     0.00788319     344.693     358.839
5.236     0.01010079     347.225     358.839
5.248     0.01098351     352.194     358.839
5.259     0.01404793     355.109     358.839
5.271     0.01672541     356.288     358.839
5.283     0.01725781     355.062     358.839
5.294     0.01879494     356.564     358.839
5.306     0.02097323     358.121     358.839
5.317     0.02188988     359.581     358.839
5.329     0.02313469     359.893     358.839
5.341     0.02271908     357.153     358.839
5.352     0.01991444     352.654     358.839
5.364     0.01739736     347.549     358.839
5.375     0.01647442     344.073     358.839
5.387     0.01486013     341.125     0.000
5.399     0.01520966     338.011     358.839
5.410     0.02084505     337.041     358.839
5.422     0.02499382     338.387     358.839
5.433     0.02186309     342.731     358.839
5.445     0.01910179     351.289     358.839
5.457     0.01935012     357.355     358.839
5.468     0.01899052     361.341     358.839
5.480     0.01968260     363.364     358.839
5.492     0.02179780     363.203     358.839
5.503     0.02548699     362.585     358.839
5.515     0.03017842     362.878     358.839
5.526     0.03706124     361.613     358.839
5.538     0.04479634     359.409     358.839
5.550     0.04233487     356.449     358.839
5.561     0.03998164     355.804     358.839
5.573     0.04423030     355.992     358.839
5.584     0.04441703     356.990     358.839
5.596     0.04115426     358.462     358.839
5.608     0.03044858     359.907     358.839
5.619     0.02097964     361.136     358.839
5.631     0.02023905     361.509     358.839
5.642     0.01552866     360.774     358.839
5.654     0.00581048     360.754     358.839
5.666     0.00177611     362.534     358.839
5.677     0.00242782     360.599     358.839
5.689     0.00267923     356.550     358.839
5.700     0.00193984     350.698     358.839
5.712     0.00110228     340.072     358.839
5.724     0.00095719     320.011     358.839
5.735     0.00127286     296.788     0.000
5.747     0.00144355     288.332     0.000
5.759     0.00150656     284.552     0.000
5.770     0.00151742     283.113     0.000
5.782     0.00115090     283.458     0.000
5.793     0.00094389     288.996     0.000
5.805     0.00088495     296.592     0.000
5.817     0.00259676     306.102     338.699
5.828     0.00484142     312.301     338.699
5.840     0.00771736     322.103     338.699
5.851     0.01658870     334.161     338.699
5.863     0.02553171     343.654     338.699
5.875     0.03074192     347.992     338.699
5.886     0.03166787     348.250     338.699
5.898     0.02980698     344.888     338.699
5.909     0.02722528     340.528     338.699
5.921     0.02065519     334.547     338.699
5.933     0.01529874     326.001     338.699
5.944     0.01274947     317.932     338.699
5.956     0.01126915     313.603     338.699
5.968     0.01089531     313.142     338.699
5.979     0.01023040     318.646     338.699
5.991     0.01096454     325.312     338.699
6.002     0.01314199     333.125     338.699
6.014     0.02190033     343.161     358.839
6.026     0.02791986     354.051     358.839
6.037     0.02314319     363.611     358.839
6.049     0.01890229     370.276     358.839
6.060     0.01909539     372.730     358.839
6.072     0.01970409     372.589     358.839
6.084     0.01734391     369.556     358.839
6.095     0.01544824     364.357     358.839
6.107     0.01803578     359.123     358.839
6.118     0.02225493     354.295     358.839
6.130     0.02588519     352.462     358.839
6.142     0.02692533     353.981     358.839
6.153     0.02447588     356.855     358.839
6.165     0.02031531     360.295     358.839
6.177     0.01451540     369.566     402.783
6.188     0.01179931     380.276     402.783
6.200     0.01263386     391.176     402.783
6.211     0.01425337     402.159     402.783
6.223     0.01759349     410.927     402.783
6.235     0.01989596     416.283     402.783
6.246     0.02202448     413.245     402.783
6.258     0.02182176     406.761     402.783
6.269     0.02162781     395.784     402.783
6.281     0.02357693     374.003     402.783
6.293     0.01747131     342.861     0.000
6.304     0.01190924     318.332     0.000
6.316     0.01570255     308.814     0.000
6.327     0.01905581     308.003     0.000
6.339     0.01883553     312.384     358.839
6.351     0.02098276     320.852     358.839
6.362     0.02477207     332.816     358.839
6.374     0.03148838     345.033     358.839
6.385     0.03500967     355.724     358.839
6.397     0.02717325     360.178     358.839
6.409     0.02150065     361.335     358.839
6.420     0.02473977     360.669     358.839
6.432     0.02593457     358.197     358.839
6.444     0.02418811     355.660     358.839
6.455     0.03321683     353.488     358.839
6.467     0.03912758     351.782     358.839
6.478     0.03256259     349.759     358.839
6.490     0.03320489     350.632     358.839
6.502     0.03499262     353.528     358.839
6.513     0.03463551     357.029     358.839
6.525     0.04011180     358.536     358.839
6.536     0.04154417     357.984     358.839
6.548     0.03911163     354.822     358.839
6.560     0.04385535     349.664     358.839
6.571     0.04022720     344.538     358.839
6.583     0.03001547     340.175     358.839
6.594     0.02663755     338.496     358.839
6.606     0.02770494     340.994     358.839
6.618     0.02709676     347.479     358.839
6.629     0.02195852     357.363     358.839
6.641     0.01599962     369.000     402.783
6.653     0.01243731     381.399     402.783
6.664     0.01389630     393.586     402.783
6.676     0.01770406     404.164     402.783
6.687     0.02206112     412.559     402.783
6.699     0.02643289     418.189     402.783
6.711     0.03161524     420.562     402.783
6.722     0.03330058     420.784     402.783
6.734     0.03225745     418.564     402.783
6.745     0.02940123     414.045     402.783
6.757     0.02704627     409.013     402.783
6.769     0.02693182     403.686     402.783
6.780     0.02621868     398.625     402.783
6.792     0.02599933     396.855     402.783
6.803     0.02559482     397.317     402.783
6.815     0.02310330     400.621     402.783
6.827     0.02103352     408.486     402.783
6.838     0.02221435     417.775     402.783
6.850     0.02978098     427.673     402.783
6.861     0.04127413     432.140     402.783
6.873     0.04867980     435.279     402.783
6.885     0.05059424     436.679     402.783
6.896     0.04265497     434.667     402.783
6.908     0.03461456     429.346     402.783
6.920     0.03114429     421.486     402.783
6.931     0.02959545     410.036     402.783
6.943     0.02840539     400.489     402.783
6.954     0.02774651     392.503     402.783
6.966     0.02637968     386.506     402.783
6.978     0.02827193     387.524     402.783
6.989     0.03085977     391.668     402.783
7.001     0.02440476     398.017     402.783
7.012     0.02577891     405.297     402.783
7.024     0.03047446     413.883     402.783
7.036     0.03312719     422.132     402.783
7.047     0.03204016     426.359     402.783
7.059     0.02852728     427.016     402.783
7.070     0.02756539     424.736     402.783
7.082     0.02529857     418.170     402.783
7.094     0.02107069     409.248     402.783
7.105     0.01819421     396.582     358.839
7.117     0.01917728     379.708     358.839
7.129     0.02080529     363.591     358.839
7.140     0.02339236     353.280     358.839
7.152     0.02623316     347.411     358.839
7.163     0.02918923     346.091     358.839
7.175     0.02695289     348.612     358.839
7.187     0.01966987     354.441     358.839
7.198     0.01515681     363.760     358.839
7.210     0.01381059     371.800     358.839
7.221     0.01355019     377.620     358.839
7.233     0.01567104     380.191     358.839
7.245     0.01559583     376.973     358.839
7.256     0.01368424     371.930     358.839
7.268     0.01421709     364.825     358.839
7.279     0.01510115     351.513     338.699
7.291     0.01482059     339.584     338.699
7.303     0.01257403     328.793     338.699
7.314     0.01594101     319.778     338.699
7.326     0.01923943     319.843     338.699
7.338     0.01618915     323.245     338.699
7.349     0.01718917     327.538     338.699
7.361     0.02311719     333.887     338.699
7.372     0.02687669     340.690     338.699
7.384     0.02683037     347.606     338.699
7.396     0.02366687     352.021     338.699
7.407     0.02215306     353.397     338.699
7.419     0.02394431     352.355     338.699
7.430     0.02304415     348.355     338.699
7.442     0.02224148     343.713     338.699
7.454     0.02071070     339.063     338.699
7.465     0.01675427     334.806     338.699
7.477     0.01385610     330.915     338.699
7.488     0.01271179     328.832     338.699
7.500     0.01179869     328.735     338.699
7.512     0.01304893     330.421     338.699
7.523     0.01570154     333.997     338.699
7.535     0.01855015     339.438     338.699
7.546     0.02113431     346.190     358.839
7.558     0.02097096     352.704     358.839
7.570     0.02169817     359.502     358.839
7.581     0.02060521     367.569     358.839
7.593     0.01952755     372.168     358.839
7.605     0.02176762     372.980     358.839
7.616     0.02175982     368.805     358.839
7.628     0.02147876     361.627     358.839
7.639     0.02572829     354.792     358.839
7.651     0.03109913     349.082     358.839
7.663     0.02645675     350.419     358.839
7.674     0.01995915     354.212     358.839
7.686     0.01970266     360.712     358.839
7.697     0.01739907     370.980     358.839
7.709     0.01609887     382.043     402.783
7.721     0.01595108     393.661     402.783
7.732     0.01768765     405.999     402.783
7.744     0.02277957     414.807     402.783
7.755     0.02731539     420.742     402.783
7.767     0.02969781     423.704     402.783
7.779     0.02981147     424.047     402.783
7.790     0.02875666     422.278     402.783
7.802     0.02866288     418.846     402.783
7.814     0.02650434     413.313     402.783
7.825     0.02429563     406.505     402.783
7.837     0.02357917     399.831     402.783
7.848     0.02179139     394.595     402.783
7.860     0.02131060     392.603     402.783
7.872     0.01798701     393.519     402.783
7.883     0.01680375     398.110     402.783
7.895     0.01914196     403.755     402.783
7.906     0.01853779     410.094     402.783
7.918     0.01969537     416.560     402.783
7.930     0.02200381     418.379     402.783
7.941     0.02091579     419.071     402.783
7.953     0.02235195     418.558     402.783
7.964     0.02417162     415.752     402.783
7.976     0.02111071     410.508     402.783
7.988     0.02137083     404.598     402.783
7.999     0.02295714     398.721     402.783
8.011     0.02162865     392.876     402.783
8.022     0.02109044     388.609     402.783
8.034     0.02248234     386.580     402.783
8.046     0.02531723     389.168     402.783
8.057     0.02373315     394.275     402.783
8.069     0.01992664     400.597     402.783
8.081     0.02095826     405.625     402.783
8.092     0.02471962     411.080     402.783
8.104     0.02691999     415.460     402.783
8.115     0.02896530     417.356     402.783
8.127     0.02897593     415.058     402.783
8.139     0.02530426     410.865     402.783
8.150     0.02136948     405.296     402.783
8.162     0.02011636     395.611     358.839
8.173     0.02039700     382.665     358.839
8.185     0.02341460     367.833     358.839
8.197     0.03126752     356.514     358.839
8.208     0.03618442     351.033     358.839
8.220     0.03517716     349.722     358.839
8.231     0.03287221     353.895     358.839
8.243     0.02796052     359.097     358.839
8.255     0.01997474     363.840     358.839
8.266     0.01933883     367.678     358.839
8.278     0.02022584     369.898     358.839
8.290     0.01903359     369.809     358.839
8.301     0.01935600     367.624     358.839
8.313     0.01904287     361.952     358.839
8.324     0.02110247     352.907     338.699
8.336     0.02298570     342.558     338.699
8.348     0.01982993     334.107     338.699
8.359     0.01675939     329.514     338.699
8.371     0.01608917     327.399     338.699
8.382     0.01650516     328.290     338.699
8.394     0.02027944     331.743     338.699
8.406     0.02803472     335.626     338.699
8.417     0.03514915     339.828     338.699
8.429     0.03495528     344.500     338.699
8.440     0.03110403     345.926     338.699
8.452     0.02824683     345.433     338.699
8.464     0.02666272     344.429     338.699
8.475     0.02345402     340.635     338.699
8.487     0.01888102     335.982     338.699
8.499     0.01605985     331.844     338.699
8.510     0.01550849     329.172     338.699
8.522     0.01203273     326.351     338.699
8.533     0.00920394     323.133     338.699
8.545     0.01201442     324.603     338.699
8.557     0.01612499     328.933     338.699
8.568     0.01934898     335.576     338.699
8.580     0.02113514     343.161     358.839
8.591     0.02237920     350.010     358.839
8.603     0.02064258     356.634     358.839
8.615     0.01723332     363.425     358.839
8.626     0.01661229     367.365     358.839
8.638     0.01522436     368.265     358.839
8.649     0.01596710     365.934     358.839
8.661     0.01577787     360.306     358.839
8.673     0.01393626     354.185     358.839
8.684     0.01528594     348.116     358.839
8.696     0.01743004     345.276     358.839
8.707     0.01925183     345.690     358.839
8.719     0.01942846     348.911     358.839
8.731     0.01623197     356.735     358.839
8.742     0.01200887     369.128     402.783
8.754     0.01175932     382.648     402.783
8.766     0.01332653     396.166     402.783
8.777     0.01401534     407.128     402.783
8.789     0.01548160     415.204     402.783
8.800     0.01838708     420.512     402.783
8.812     0.02049628     419.439     402.783
8.824     0.02092294     416.215     402.783
8.835     0.01868902     411.126     402.783
8.847     0.01821178     405.082     402.783
8.858     0.02073050     399.031     402.783
8.870     0.02019924     393.738     402.783
8.882     0.01966411     390.601     402.783
8.893     0.01774802     388.943     402.783
8.905     0.01650476     390.474     402.783
8.916     0.01448368     396.168     402.783
8.928     0.01300254     402.916     402.783
8.940     0.01565037     408.551     402.783
8.951     0.01525183     413.166     402.783
8.963     0.01673660     416.481     402.783
8.975     0.02042903     418.407     402.783
8.986     0.02182375     418.939     402.783
8.998     0.02095925     417.740     402.783
9.009     0.01967102     413.674     402.783
9.021     0.02014620     407.680     402.783
9.033     0.02064651     399.301     402.783
9.044     0.02169854     394.049     402.783
9.056     0.02096566     390.002     402.783
9.067     0.01954274     387.150     402.783
9.079     0.02253575     387.327     402.783
9.091     0.02437311     389.717     402.783
9.102     0.01938976     393.804     402.783
9.114     0.01436544     400.145     402.783
9.125     0.01789475     407.141     402.783
9.137     0.02011423     412.885     402.783
9.149     0.01926422     415.836     402.783
9.160     0.02043807     413.690     402.783
9.172     0.01978459     409.652     402.783
9.183     0.01881504     403.806     402.783
9.195     0.01694478     395.392     402.783
9.207     0.01695632     384.096     358.839
9.218     0.01690732     370.485     358.839
9.230     0.01548417     355.226     358.839
9.242     0.01857269     348.004     358.839
9.253     0.02334132     345.171     358.839
9.265     0.02682992     346.373     358.839
9.276     0.02755051     350.153     358.839
9.288     0.02372353     355.950     358.839
9.300     0.01786452     363.609     358.839
9.311     0.01535818     368.832     358.839
9.323     0.01446541     371.459     358.839
9.334     0.01396667     371.086     358.839
9.346     0.01459473     367.133     358.839
9.358     0.01613475     359.603     358.839
9.369     0.01841159     349.670     358.839
9.381     0.01735801     337.480     338.699
9.392     0.01327065     325.010     338.699
9.404     0.01081176     316.150     338.699
9.416     0.01217228     314.065     338.699
9.427     0.01252943     316.111     338.699
9.439     0.01076937     320.928     338.699
9.451     0.01366950     327.938     338.699
9.462     0.01786769     335.562     338.699
9.474     0.02059441     342.302     338.699
9.485     0.02142610     347.270     338.699
9.497     0.02124899     347.780     338.699
9.509     0.02277376     346.216     338.699
9.520     0.02200209     343.588     338.699
9.532     0.01835519     340.088     338.699
9.543     0.01476586     335.724     338.699
9.555     0.01221820     332.440     338.699
9.567     0.01058088     330.710     338.699
9.578     0.00947874     328.426     338.699
9.590     0.00965974     328.124     338.699
9.601     0.01108243     329.714     338.699
9.613     0.01423385     334.780     338.699
9.625     0.01664506     341.226     358.839
9.636     0.01648859     348.407     358.839
9.648     0.01623891     355.657     358.839
9.660     0.01478471     362.402     358.839
9.671     0.01258352     366.772     358.839
9.683     0.01606745     367.010     358.839
9.694     0.01795176     364.115     358.839
9.706     0.01645194     361.099     358.839
9.718     0.01777807     358.006     358.839
9.729     0.01770568     354.169     358.839
9.741     0.01991536     351.332     358.839
9.752     0.01791928     350.168     358.839
9.764     0.01338088     353.577     358.839
9.776     0.01254987     360.313     358.839
9.787     0.01020043     369.361     358.839
9.799     0.01013384     380.426     402.783
9.810     0.01172874     395.010     402.783
9.822     0.01210048     409.244     402.783
9.834     0.01546258     421.959     402.783
9.845     0.01989875     425.519     402.783
9.857     0.01982233     426.751     402.783
9.868     0.01907458     425.877     402.783
9.880     0.01875447     421.584     402.783
9.892     0.01976544     415.744     402.783
9.903     0.01959829     409.122     402.783
9.915     0.01857448     401.839     402.783
9.927     0.02105127     396.265     402.783
9.938     0.02139281     393.476     402.783
9.950     0.01919774     393.722     402.783
9.961     0.01702815     397.835     402.783
9.973     0.01737893     402.725     402.783
9.985     0.01895799     408.105     402.783
9.996     0.01943814     412.439     402.783
10.008     0.02155820     415.495     402.783
10.019     0.02288714     417.232     402.783
10.031     0.02093887     416.320     402.783
10.043     0.01994653     413.163     402.783
10.054     0.02135941     409.304     402.783
10.066     0.01991840     405.029     402.783
10.077     0.01709799     399.231     402.783
10.089     0.01925025     393.876     402.783
10.101     0.02018174     389.251     402.783
10.112     0.02078829     387.423     402.783
10.124     0.02437078     388.600     402.783
10.136     0.02574946     392.457     402.783
10.147     0.02053711     398.597     402.783
10.159     0.01902966     405.734     402.783
10.170     0.02265092     412.400     402.783
10.182     0.02293915     417.085     402.783
10.194     0.02469180     416.111     402.783
10.205     0.02357318     412.924     402.783
10.217     0.01992086     407.680     402.783
10.228     0.02003504     399.534     402.783
10.240     0.02000680     386.612     358.839
10.252     0.01935314     370.744     358.839
10.263     0.02314946     355.879     358.839
10.275     0.02652617     346.933     358.839
10.286     0.02778543     343.115     358.839
10.298     0.03038038     344.688     358.839
10.310     0.03105319     349.364     358.839
10.321     0.02535837     355.442     358.839
10.333     0.01800196     362.855     358.839
10.344     0.01592620     370.009     358.839
10.356     0.01686382     374.251     358.839
10.368     0.01599323     375.462     358.839
10.379     0.01487606     370.489     358.839
10.391     0.01702221     363.602     358.839
10.403     0.02113272     354.895     358.839
10.414     0.02090699     342.860     338.699
10.426     0.01582424     329.398     338.699
10.437     0.01396551     319.962     338.699
10.449     0.01429221     317.968     338.699
10.461     0.01535388     323.287     338.699
10.472     0.02077492     330.506     338.699
10.484     0.02888056     339.095     338.699
10.495     0.03205987     346.320     338.699
10.507     0.03004845     351.113     338.699
10.519     0.02628484     353.783     338.699
10.530     0.02354128     353.177     338.699
10.542     0.02264114     351.613     338.699
10.553     0.01932646     348.091     338.699
10.565     0.01765211     340.666     338.699
10.577     0.01688669     330.237     338.699
10.588     0.01384865     322.263     338.699
10.600     0.01336382     317.924     338.699
10.612     0.01340437     320.048     338.699
10.623     0.01855902     324.660     338.699
10.635     0.02772222     331.626     338.699
10.646     0.02932781     339.597     338.699
10.658     0.03075477     345.859     358.839
10.670     0.03265196     351.300     358.839
10.681     0.03374092     356.607     358.839
10.693     0.03060769     360.091     358.839
10.704     0.02382631     362.274     358.839
10.716     0.02563326     362.881     358.839
10.728     0.03033878     362.608     358.839
10.739     0.03331115     361.514     358.839
10.751     0.03244388     359.906     358.839
10.762     0.03352448     359.893     358.839
10.774     0.03150772     360.633     358.839
10.786     0.02672793     361.308     358.839
10.797     0.03048416     360.136     358.839
10.809     0.03228302     355.369     358.839
10.820     0.03383111     347.360     358.839
10.832     0.02984921     334.383     358.839
10.844     0.03740437     313.860     358.839
10.855     0.05197952     301.518     0.000
10.867     0.05098810     299.562     0.000
10.879     0.04124603     308.002     0.000
10.890     0.03164721     322.533     402.783
10.902     0.04204356     342.629     402.783
10.913     0.04401835     372.797     402.783
10.925     0.03492827     394.701     402.783
10.937     0.03752857     410.231     402.783
10.948     0.04320763     419.912     402.783
10.960     0.04846237     423.660     402.783
10.971     0.05243483     423.803     402.783
10.983     0.05604583     419.855     402.783
10.995     0.05885732     414.949     402.783
11.006     0.05428009     409.996     402.783
11.018     0.04794071     404.988     402.783
11.029     0.04964694     399.805     402.783
11.041     0.05026268     396.954     402.783
11.053     0.04802827     396.326     402.783
11.064     0.04694642     399.689     402.783
11.076     0.04447090     405.413     402.783
11.088     0.04011026     411.509     402.783
11.099     0.03972458     417.072     402.783
11.111     0.04408314     418.827     402.783
11.122     0.04199896     419.899     402.783
11.134     0.03718926     420.232     402.783
11.146     0.03738967     417.287     402.783
11.157     0.03676928     414.143     402.783
11.169     0.03782795     410.951     402.783
11.180     0.04180465     408.176     402.783
11.192     0.03989110     404.449     402.783
11.204     0.03803540     401.539     402.783
11.215     0.03774879     401.028     402.783
11.227     0.03841074     402.898     402.783
11.238     0.04042176     406.166     402.783
11.250     0.03852068     410.533     402.783
11.262     0.03847832     415.533     402.783
11.273     0.04097343     419.586     402.783
11.285     0.03883040     422.401     402.783
11.297     0.03556392     422.975     402.783
11.308     0.03538624     420.737     402.783
11.320     0.03555665     416.660     402.783
11.331     0.03513739     410.534     402.783
11.343     0.03497226     405.248     402.783
11.355     0.03470253     400.610     402.783
11.366     0.03355569     396.754     402.783
11.378     0.03286044     394.151     402.783
11.389     0.03119630     393.901     402.783
11.401     0.02885154     395.701     402.783
11.413     0.02912227     399.662     402.783
11.424     0.03012436     405.115     402.783
11.436     0.03001126     411.028     402.783
11.447     0.02800045     415.552     402.783
11.459     0.03066781     420.227     402.783
11.471     0.03410342     423.782     402.783
11.482     0.03249430     424.805     402.783
11.494     0.03174727     420.392     402.783
11.505     0.03214889     415.598     402.783
11.517     0.03543667     410.783     402.783
11.529     0.03601917     405.556     402.783
11.540     0.03344835     400.951     402.783
11.552     0.03012115     397.074     402.783
11.564     0.03021261     395.017     402.783
11.575     0.03306584     396.135     402.783
11.587     0.03463645     399.278     402.783
11.598     0.03187942     403.832     402.783
11.610     0.02859646     410.719     402.783
11.622     0.03436175     416.977     402.783
11.633     0.03910227     421.661     402.783
11.645     0.03839819     424.778     402.783
11.656     0.03614653     425.139     402.783
11.668     0.03418322     422.938     402.783
11.680     0.03495870     417.322     402.783
11.691     0.03504695     412.399     402.783
11.703     0.03668497     407.795     402.783
11.714     0.03853476     403.301     402.783
11.726     0.03579957     401.620     402.783
11.738     0.03358711     401.076     402.783
11.749     0.03464381     401.052     402.783
11.761     0.03417852     403.335     402.783
11.773     0.03142317     406.316     402.783
11.784     0.02919522     409.880     402.783
11.796     0.02973235     413.233     402.783
11.807     0.03052516     415.224     402.783
11.819     0.02938578     416.277     402.783
11.831     0.03119271     416.606     402.783
11.842     0.03193952     416.522     402.783
11.854     0.03183548     414.914     402.783
11.865     0.03428856     410.384     402.783
11.877     0.03236257     405.677     402.783
11.889     0.03387271     402.377     402.783
11.900     0.03444082     400.630     402.783
11.912     0.02951308     399.890     402.783
11.923     0.03194334     400.703     402.783
11.935     0.02942841     402.758     402.783
11.947     0.02404088     404.809     402.783
11.958     0.02823392     408.108     402.783
11.970     0.02888240     411.251     402.783
11.981     0.02689860     412.401     402.783
11.993     0.02706026     411.800     402.783
12.005     0.02916190     410.340     402.783
12.016     0.03257310     408.003     402.783
12.028     0.03073327     400.801     402.783
12.040     0.02991913     386.903     402.783
12.051     0.03090780     367.896     402.783
12.063     0.03425203     347.408     402.783
12.074     0.03728640     338.714     0.000
12.086     0.03354037     339.412     0.000
12.098     0.03088358     347.681     0.000
12.109     0.03016025     365.589     0.000
12.121     0.02959899     385.270     0.000
12.132     0.02523956     403.432     426.734
12.144     0.02263790     418.668     426.734
12.156     0.02584486     431.667     426.734
12.167     0.03697646     442.290     426.734
12.179     0.04647328     445.109     426.734
12.190     0.04623978     445.579     426.734
12.202     0.04578824     444.515     426.734
12.214     0.04347894     442.369     426.734
12.225     0.04092423     438.752     426.734
12.237     0.03793678     435.051     426.734
12.249     0.03300231     432.336     426.734
12.260     0.03029431     431.340     426.734
12.272     0.02674296     432.020     452.109
12.283     0.02287688     434.922     452.109
12.295     0.01942684     442.893     452.109
12.307     0.02174148     452.284     452.109
12.318     0.03273067     462.154     452.109
12.330     0.04633195     466.664     452.109
12.341     0.05708795     468.246     452.109
12.353     0.05657388     467.441     452.109
12.365     0.05238536     463.013     452.109
12.376     0.04428324     451.063     452.109
12.388     0.04090450     439.514     452.109
12.399     0.04483378     431.225     452.109
12.411     0.04595503     426.198     426.734
12.423     0.04137876     423.930     426.734
12.434     0.03544231     424.783     426.734
12.446     0.03250875     428.890     426.734
12.458     0.03192097     434.282     426.734
12.469     0.03390165     440.432     426.734
12.481     0.04167621     446.830     426.734
12.492     0.04538965     446.577     426.734
12.504     0.04780474     443.305     426.734
12.516     0.05509902     437.314     426.734
12.527     0.05688281     427.628     402.783
12.539     0.05523765     415.373     402.783
12.550     0.04635516     401.197     402.783
12.562     0.04030736     391.265     402.783
12.574     0.03448931     385.698     402.783
12.585     0.03133449     384.094     402.783
12.597     0.02701298     385.270     402.783
12.608     0.02000655     390.098     402.783
12.620     0.01605514     397.506     402.783
12.632     0.01313415     408.304     402.783
12.643     0.01605939     418.334     426.734
12.655     0.01771490     427.908     426.734
12.666     0.02278364     436.990     426.734
12.678     0.03180476     440.782     426.734
12.690     0.03851866     442.336     426.734
12.701     0.04089024     442.472     426.734
12.713     0.03605908     442.907     426.734
12.725     0.02852958     441.397     426.734
12.736     0.02558351     438.923     426.734
12.748     0.02670618     436.688     426.734
12.759     0.02688406     435.603     426.734
12.771     0.02793526     435.360     426.734
12.783     0.03017637     436.204     426.734
12.794     0.02964467     436.640     426.734
12.806     0.02922672     437.243     426.734
12.817     0.02708063     438.010     426.734
12.829     0.02293449     438.249     426.734
12.841     0.02231059     438.754     426.734
12.852     0.02514409     439.290     426.734
12.864     0.03162617     439.377     426.734
12.875     0.03632557     437.989     426.734
12.887     0.03422319     435.626     426.734
12.899     0.02990808     432.474     426.734
12.910     0.02844287     427.209     426.734
12.922     0.03017616     418.430     426.734
12.934     0.03406777     404.264     426.734
12.945     0.04337927     369.596     426.734
12.957     0.04874057     353.432     426.734
12.968     0.04545934     352.109     426.734
12.980     0.03693809     361.837     426.734
12.992     0.03219137     377.936     426.734
13.003     0.03042439     395.703     426.734
13.015     0.02602001     411.882     426.734
13.026     0.02890485     427.586     426.734
13.038     0.03876868     438.475     426.734
13.050     0.05227048     443.156     426.734
13.061     0.06223655     443.055     426.734
13.073     0.06368750     441.489     426.734
13.084     0.06233811     438.471     426.734
13.096     0.05787719     434.319     426.734
13.108     0.04774440     429.904     426.734
13.119     0.04266785     425.866     426.734
13.131     0.03978907     423.934     426.734
13.142     0.02703584     424.743     426.734
13.154     0.02337573     428.062     426.734
13.166     0.03689268     434.857     426.734
13.177     0.04944059     441.130     426.734
13.189     0.06071857     446.004     426.734
13.201     0.06052109     449.449     426.734
13.212     0.06094570     449.780     426.734
13.224     0.06734779     447.717     426.734
13.235     0.06243808     442.771     426.734
13.247     0.04933126     433.286     402.783
13.259     0.03924497     422.653     402.783
13.270     0.03609577     413.448     402.783
13.282     0.03192708     409.046     402.783
13.293     0.02931158     409.336     402.783
13.305     0.03032596     411.724     402.783
13.317     0.02851268     416.154     402.783
13.328     0.02802175     420.643     402.783
13.340     0.02735153     423.007     402.783
13.351     0.02122733     423.934     402.783
13.363     0.01529593     425.103     402.783
13.375     0.00741815     416.693     402.783
13.386     0.00290686     407.080     402.783
13.398     0.00257044     406.700     402.783
13.410     0.00170853     402.964     402.783
13.421     0.00139730     400.913     402.783
13.433     0.00230830     403.243     402.783
13.444     0.00649928     407.258     402.783
13.456     0.00995484     409.834     402.783
13.468     0.00980225     411.345     402.783
13.479     0.00971706     419.247     402.783
13.491     0.01104584     424.658     402.783
13.502     0.01101943     427.122     402.783
13.514     0.00853139     422.972     402.783
13.526     0.00778109     415.817     402.783
13.537     0.01050774     407.242     402.783
13.549     0.01596339     398.005     358.839
13.560     0.01884630     385.862     358.839
13.572     0.01611771     372.398     358.839
13.584     0.01145023     358.106     358.839
13.595     0.00819309     351.361     358.839
13.607     0.00801392     348.528     358.839
13.619     0.00785242     348.782     358.839
13.630     0.00721271     351.789     358.839
13.642     0.00794253     353.723     358.839
13.653     0.01029122     354.998     358.839
13.665     0.01218578     355.521     358.839
13.677     0.01113220     356.056     358.839
13.688     0.00969682     356.212     358.839
13.700     0.00972236     355.890     358.839
13.711     0.01074530     355.081     358.839
13.723     0.01146645     354.725     358.839
13.735     0.01139909     355.038     358.839
13.746     0.01068721     356.829     358.839
13.758     0.00944559     358.731     358.839
13.769     0.00931740     360.274     358.839
13.781     0.01072359     360.254     358.839
13.793     0.01232428     359.677     358.839
13.804     0.01211512     359.591     358.839
13.816     0.01132074     360.544     358.839
13.827     0.01032364     361.178     358.839
13.839     0.00956686     361.228     358.839
13.851     0.00969337     360.800     358.839
13.862     0.00857016     360.655     358.839
13.874     0.00696704     359.816     358.839
13.886     0.00665573     358.467     358.839
13.897     0.00694308     356.978     358.839
13.909     0.00859946     356.174     358.839
13.920     0.01239361     355.548     358.839
13.932     0.01301143     354.811     358.839
13.944     0.01122213     354.552     358.839
13.955     0.01144690     355.518     358.839
13.967     0.01161524     357.939     358.839
13.978     0.01104784     360.793     358.839
13.990     0.01188067     362.371     358.839
14.002     0.01452505     362.887     358.839
14.013     0.01678241     362.030     358.839
14.025     0.01758384     361.857     358.839
14.036     0.01788198     361.771     358.839
14.048     0.01616326     361.124     358.839
14.060     0.01217377     359.217     358.839
14.071     0.00853022     356.470     358.839
14.083     0.01062618     352.718     358.839
14.095     0.01831038     351.466     358.839
14.106     0.01632087     349.824     358.839
14.118     0.01183517     347.889     358.839
14.129     0.01083621     347.049     358.839
14.141     0.01063485     348.288     358.839
14.153     0.01148637     350.429     358.839
14.164     0.00940070     352.375     358.839
14.176     0.01222481     354.785     358.839
14.187     0.01773910     357.162     358.839
14.199     0.01703470     359.240     358.839
14.211     0.01261229     361.044     358.839
14.222     0.01288692     361.797     358.839
14.234     0.01398003     361.149     358.839
14.245     0.01470349     358.635     358.839
14.257     0.01526497     356.754     358.839
14.269     0.01293154     355.175     358.839
14.280     0.01016732     352.946     358.839
14.292     0.01022113     351.311     358.839
14.303     0.01103645     350.175     358.839
14.315     0.00860302     349.778     358.839
14.327     0.00672490     351.709     358.839
14.338     0.01137336     354.344     358.839
14.350     0.01876652     357.273     358.839
14.362     0.01845921     360.486     358.839
14.373     0.01806729     363.347     358.839
14.385     0.02359110     365.746     358.839
14.396     0.02707948     367.307     358.839
14.408     0.02416319     367.217     358.839
14.420     0.01817127     366.165     358.839
14.431     0.01673199     364.382     358.839
14.443     0.01921856     361.243     358.839
14.454     0.01667632     358.430     358.839
14.466     0.01000293     356.554     358.839
14.478     0.01228890     354.564     358.839
14.489     0.01623514     353.287     358.839
14.501     0.01752414     352.738     358.839
14.512     0.01811417     353.525     358.839
14.524     0.01617862     355.159     358.839
14.536     0.01893665     357.583     358.839
14.547     0.01745281     360.829     358.839
14.559     0.02029685     363.516     358.839
14.571     0.02881376     365.737     358.839
14.582     0.02644175     367.279     358.839
14.594     0.02611678     366.738     358.839
14.605     0.02439996     365.552     358.839
14.617     0.01815154     363.809     358.839
14.629     0.01686996     359.648     358.839
14.640     0.01391682     355.689     358.839
14.652     0.01304056     352.173     358.839
14.663     0.01417167     350.373     358.839
14.675     0.01312584     349.357     358.839
14.687     0.01090664     348.999     358.839
14.698     0.00897758     349.315     358.839
14.710     0.01077587     351.797     358.839
14.721     0.01645282     354.841     358.839
14.733     0.01994247     358.163     358.839
14.745     0.01609675     361.598     358.839
14.756     0.01732635     363.199     358.839
14.768     0.02024112     363.157     358.839
14.780     0.02276696     362.053     358.839
14.791     0.02153412     361.415     358.839
14.803     0.01341210     360.550     358.839
14.814     0.01038046     358.291     358.839
14.826     0.00917041     355.736     358.839
14.838     0.00923367     353.653     358.839
14.849     0.01225413     352.438     358.839
14.861     0.01148040     350.900     358.839
14.872     0.01069424     351.124     358.839
14.884     0.01437907     353.394     358.839
14.896     0.01674315     355.433     358.839
14.907     0.01567140     357.453     358.839
14.919     0.01200353     359.240     358.839
14.930     0.01116508     359.839     358.839
14.942     0.01153930     359.377     358.839
14.954     0.00956959     358.254     358.839
14.965     0.01030465     356.348     358.839
14.977     0.01194173     355.005     358.839
14.988     0.01396776     354.574     358.839
15.000     0.01547108     355.042     358.839
15.012     0.01378629     354.456     358.839
15.023     0.01496346     354.057     358.839
15.035     0.01966977     353.813     358.839
15.047     0.02046915     353.550     358.839
15.058     0.01595938     354.457     358.839
15.070     0.01346391     355.791     358.839
15.081     0.01401176     356.896     358.839
15.093     0.01223484     357.672     358.839
15.105     0.00929339     357.435     358.839
15.116     0.00928931     355.728     358.839
15.128     0.01410801     350.764     358.839
15.139     0.01999852     338.152     358.839
15.151     0.02020592     319.345     358.839
15.163     0.02142553     298.581     358.839
15.174     0.02625388     293.798     0.000
15.186     0.02352800     300.177     0.000
15.197     0.01938636     311.224     358.839
15.209     0.01789921     325.684     358.839
15.221     0.01760664     341.029     358.839
15.232     0.01946341     356.221     358.839
15.244     0.02402635     364.325     358.839
15.256     0.03499405     369.034     358.839
15.267     0.04045987     370.448     358.839
15.279     0.04195130     367.229     358.839
15.290     0.04221102     363.320     358.839
15.302     0.03795281     358.949     358.839
15.314     0.03066393     354.277     358.839
15.325     0.03375506     349.994     358.839
15.337     0.03129612     347.504     358.839
15.348     0.01629073     348.388     358.839
15.360     0.01126902     351.863     358.839
15.372     0.01515035     357.679     358.839
15.383     0.02270365     366.362     358.839
15.395     0.02813169     372.260     358.839
15.406     0.02862061     375.884     358.839
15.418     0.03284372     377.251     358.839
15.430     0.04189086     374.301     358.839
15.441     0.03971404     368.242     338.699
15.453     0.04195631     359.944     338.699
15.464     0.03732991     348.666     338.699
15.476     0.02595175     338.665     338.699
15.488     0.02508618     331.504     338.699
15.499     0.02235240     327.988     338.699
15.511     0.01726852     327.652     338.699
15.523     0.01441572     328.534     338.699
15.534     0.01616753     330.553     338.699
15.546     0.01596794     332.755     338.699
15.557     0.01518483     334.527     338.699
15.569     0.01561420     335.890     338.699
15.581     0.01550490     336.474     338.699
15.592     0.01546179     335.362     338.699
15.604     0.01705009     334.198     338.699
15.615     0.01870405     333.837     338.699
15.627     0.01747107     334.534     338.699
15.639     0.01604556     335.222     338.699
15.650     0.01466303     335.714     338.699
15.662     0.01231609     335.757     338.699
15.673     0.01173416     336.066     338.699
15.685     0.01036946     336.479     338.699
15.697     0.00828706     336.397     338.699
15.708     0.00817343     335.741     338.699
15.720     0.00900841     335.008     338.699
15.732     0.00902363     334.731     338.699
15.743     0.00752747     334.962     338.699
15.755     0.00599746     334.691     338.699
15.766     0.00601330     333.585     338.699
15.778     0.00704895     333.133     338.699
15.790     0.00838089     333.196     338.699
15.801     0.00886079     333.592     338.699
15.813     0.00857673     333.691     338.699
15.824     0.00813581     333.929     338.699
15.836     0.00777709     334.342     338.699
15.848     0.00716686     335.030     338.699
15.859     0.00620576     335.527     338.699
15.871     0.00588728     336.010     338.699
15.882     0.00507792     336.568     338.699
15.894     0.00367083     335.770     338.699
15.906     0.00290321     332.184     338.699
15.917     0.00278831     325.510     338.699
15.929     0.00243160     309.252     338.699
15.940     0.00212178     279.455     338.699
15.952     0.00217729     244.156     338.699
15.964     0.00169246     217.501     338.699
15.975     0.00105128     196.080     338.699
15.987     0.00080486     179.531     338.699
15.999     0.00061012     168.459     338.699
16.010     0.00049550     160.961     338.699
16.022     0.00030360     156.844     338.699
16.033     0.00020953     0.000     0.000
16.045     0.00017032     0.000     0.000
16.057     0.00014588     0.000     0.000
16.068     0.00013699     0.000     0.000
16.080     0.00010952     0.000     0.000
16.091     0.00009116     0.000     0.000
16.103     0.00013113     0.000     0.000
16.115     0.00014049     0.000     0.000
16.126     0.00007262     0.000     0.000
16.138     0.00005265     0.000     0.000
16.149     0.00003988     0.000     0.000
16.161     0.00004952     0.000     0.000
16.173     0.00007842     0.000     0.000
16.184     0.00011667     0.000     0.000
16.196     0.00009907     0.000     0.000
16.208     0.00008837     0.000     0.000
16.219     0.00005111     0.000     0.000
16.231     0.00003570     0.000     0.000
16.242     0.00003871     0.000     0.000
16.254     0.00005644     0.000     0.000
16.266     0.00005128     0.000     0.000
16.277     0.00003652     0.000     0.000
16.289     0.00006066     0.000     0.000
16.300     0.00005387     0.000     0.000
16.312     0.00005157     0.000     0.000
16.324     0.00004514     0.000     0.000
16.335     0.00005054     0.000     0.000
16.347     0.00003342     0.000     0.000
16.358     0.00003982     0.000     0.000
16.370     0.00004655     0.000     0.000
16.382     0.00003024     0.000     0.000
16.393     0.00003448     0.000     0.000
16.405     0.00002493     0.000     0.000
16.417     0.00003006     0.000     0.000
16.428     0.00002681     0.000     0.000
16.440     0.00004049     0.000     0.000
16.451     0.00002625     0.000     0.000
16.463     0.00002879     0.000     0.000
16.475     0.00003123     0.000     0.000
16.486     0.00002513     0.000     0.000
16.498     0.00002656     0.000     0.000
16.509     0.00001786     0.000     0.000
16.521     0.00002322     0.000     0.000
16.533     0.00001007     0.000     0.000
16.544     0.00001886     0.000     0.000
16.556     0.00001380     0.000     0.000
16.567     0.00001989     0.000     0.000
