0.000     0.00000611     0.000     0.000
0.012     0.00001409     671.872     0.000
0.023     0.00003102     707.515     0.000
0.035     0.00001835     763.560     0.000
0.046     0.00001113     763.560     0.000
0.058     0.00003121     0.000     148.367
0.070     0.00001754     117.081     148.367
0.081     0.00002043     117.081     148.367
0.093     0.00004375     122.401     148.367
0.104     0.00007680     127.302     148.367
0.116     0.00036457     130.061     148.367
0.128     0.00055742     136.531     148.367
0.139     0.00094198     142.037     148.367
0.151     0.00148348     146.314     148.367
0.163     0.00141347     148.742     148.367
0.174     0.00181598     150.322     148.367
0.186     0.00227089     151.396     148.367
0.197     0.00200329     152.546     148.367
0.209     0.00167694     152.919     148.367
0.221     0.00124813     152.902     148.367
0.232     0.00086004     152.523     148.367
0.244     0.00073795     153.622     148.367
0.255     0.00071952     155.689     249.523
0.267     0.00080801     158.756     249.523
0.279     0.00089992     168.425     249.523
0.290     0.00098668     181.633     249.523
0.302     0.00168011     196.902     249.523
0.313     0.00303589     211.828     249.523
0.325     0.00449799     224.866     249.523
0.337     0.00779421     237.047     249.523
0.348     0.01160082     249.159     249.523
0.360     0.01412845     257.236     249.523
0.372     0.01615989     261.364     249.523
0.383     0.01616329     260.327     249.523
0.395     0.01587569     254.206     249.523
0.406     0.01526899     248.449     249.523
0.418     0.01300486     243.356     249.523
0.430     0.01418544     242.279     249.523
0.441     0.01645457     242.367     249.523
0.453     0.01753077     243.444     249.523
0.464     0.01864416     246.106     249.523
0.476     0.01713501     248.250     249.523
0.488     0.00987902     253.188     249.523
0.499     0.00232733     262.577     249.523
0.511     0.00061967     252.778     249.523
0.522     0.00052338     246.502     249.523
0.534     0.00040872     246.364     0.000
0.546     0.00028089     252.322     249.523
0.557     0.00021786     252.652     249.523
0.569     0.00023969     250.519     249.523
0.580     0.00022911     252.944     249.523
0.592     0.00022732     247.633     249.523
0.604     0.00017803     239.610     249.523
0.615     0.00015154     230.340     249.523
0.627     0.00016333     231.839     249.523
0.639     0.00027178     235.013     249.523
0.650     0.00043278     238.052     249.523
0.662     0.00062721     241.999     249.523
0.673     0.00108829     246.517     249.523
0.685     0.00149367     251.391     249.523
0.697     0.00218619     255.725     249.523
0.708     0.00461642     256.952     249.523
0.720     0.00701296     257.133     249.523
0.731     0.00812259     258.068     249.523
0.743     0.00815666     257.124     249.523
0.755     0.00713030     257.003     249.523
0.766     0.00722496     258.554     249.523
0.778     0.00767037     260.355     249.523
0.789     0.00843548     261.230     249.523
0.801     0.01013188     261.202     249.523
0.813     0.00918248     259.671     249.523
0.824     0.00427457     254.985     249.523
0.836     0.00158257     251.501     249.523
0.848     0.00267686     257.124     249.523
0.859     0.00225069     260.470     249.523
0.871     0.00070390     261.798     249.523
0.882     0.00023329     260.184     249.523
0.894     0.00019705     261.580     249.523
0.906     0.00014809     262.297     249.523
0.917     0.00010229     262.059     0.000
0.929     0.00010156     259.811     249.523
0.940     0.00012686     258.439     249.523
0.952     0.00008798     256.749     249.523
0.964     0.00003406     251.190     249.523
0.975     0.00004379     250.003     249.523
0.987     0.00005585     251.996     249.523
0.998     0.00004035     256.791     249.523
1.010     0.00005370     257.564     249.523
1.022     0.00032609     256.555     249.523
1.033     0.00142508     253.861     249.523
1.045     0.00215160     252.822     249.523
1.057     0.00235666     254.181     249.523
1.068     0.00347590     257.254     249.523
1.080     0.00543761     258.775     249.523
1.091     0.00857856     259.154     249.523
1.103     0.01255009     258.619     249.523
1.115     0.01536652     256.719     249.523
1.126     0.01490656     255.055     249.523
1.138     0.01150118     253.781     249.523
1.149     0.00968325     252.974     249.523
1.161     0.01241601     251.212     249.523
1.173     0.01564198     250.007     249.523
1.184     0.01819384     249.657     249.523
1.196     0.01958611     251.045     249.523
1.207     0.01707757     252.723     249.523
1.219     0.01370346     254.268     249.523
1.231     0.01359103     254.429     249.523
1.242     0.01564205     253.053     249.523
1.254     0.01930482     250.841     249.523
1.265     0.02367854     247.737     249.523
1.277     0.01754818     241.115     249.523
1.289     0.01212974     235.658     0.000
1.300     0.01149189     232.007     0.000
1.312     0.00854538     230.299     249.523
1.324     0.01016592     233.873     249.523
1.335     0.01383220     242.439     249.523
1.347     0.02049597     254.933     249.523
1.358     0.02320813     267.221     280.080
1.370     0.01910038     279.492     280.080
1.382     0.01427547     291.953     280.080
1.393     0.01128482     297.383     280.080
1.405     0.01050760     300.012     280.080
1.416     0.01060096     300.057     280.080
1.428     0.01040667     295.720     280.080
1.440     0.01140045     290.912     280.080
1.451     0.01291559     286.111     280.080
1.463     0.01200833     282.858     280.080
1.474     0.01065768     282.290     280.080
1.486     0.00911081     283.164     280.080
1.498     0.00922442     283.908     280.080
1.509     0.00947412     285.031     280.080
1.521     0.00796996     285.590     280.080
1.533     0.00491486     284.853     280.080
1.544     0.00194752     283.724     280.080
1.556     0.00121394     282.421     280.080
1.567     0.00096708     280.963     280.080
1.579     0.00147086     279.698     280.080
1.591     0.00428019     276.891     280.080
1.602     0.00896070     273.729     280.080
1.614     0.01207947     272.602     280.080
1.625     0.01531986     274.306     280.080
1.637     0.01669680     278.216     280.080
1.649     0.01352033     284.256     280.080
1.660     0.01237684     290.120     280.080
1.672     0.02004799     294.292     280.080
1.683     0.02865074     296.073     280.080
1.695     0.02986537     296.454     280.080
1.707     0.02619565     293.302     280.080
1.718     0.01715486     286.680     280.080
1.730     0.01080688     273.171     280.080
1.741     0.01035223     268.326     280.080
1.753     0.01203409     268.006     280.080
1.765     0.01543551     271.386     280.080
1.776     0.02159785     281.957     314.379
1.788     0.02956095     294.299     314.379
1.800     0.04356384     306.656     314.379
1.811     0.05841177     317.810     314.379
1.823     0.05377679     328.831     314.379
1.834     0.03987273     338.814     314.379
1.846     0.04098824     341.701     314.379
1.858     0.04413606     341.010     314.379
1.869     0.04334835     337.731     314.379
1.881     0.03566130     331.476     314.379
1.892     0.02558634     321.252     314.379
1.904     0.02369474     311.553     314.379
1.916     0.02054927     304.565     314.379
1.927     0.01717782     303.958     314.379
1.939     0.01503348     306.028     314.379
1.950     0.01644446     309.934     314.379
1.962     0.02438917     314.798     314.379
1.974     0.03024293     319.984     314.379
1.985     0.02878115     324.569     314.379
1.997     0.02703647     325.778     314.379
2.009     0.02716985     325.308     314.379
2.020     0.02893123     324.111     314.379
2.032     0.02715109     322.591     314.379
2.043     0.02710650     318.681     314.379
2.055     0.02681046     315.331     314.379
2.067     0.02443386     313.118     314.379
2.078     0.03263364     314.721     314.379
2.090     0.04184259     316.340     314.379
2.101     0.04235257     317.917     314.379
2.113     0.03953374     319.846     314.379
2.125     0.03746144     320.599     314.379
2.136     0.04038383     320.452     314.379
2.148     0.04724863     319.570     314.379
2.159     0.05403734     317.370     314.379
2.171     0.05441127     313.380     314.379
2.183     0.04875647     306.624     314.379
2.194     0.03322751     296.006     314.379
2.206     0.02177097     284.020     0.000
2.218     0.02032195     271.334     0.000
2.229     0.01695148     269.993     0.000
2.241     0.01792556     272.932     314.379
2.252     0.01706547     278.885     314.379
2.264     0.01583858     288.266     314.379
2.276     0.02262357     300.193     314.379
2.287     0.03022497     311.696     314.379
2.299     0.03314229     320.815     314.379
2.310     0.02767444     327.332     314.379
2.322     0.02043701     331.420     314.379
2.334     0.02416498     332.638     314.379
2.345     0.02966133     332.773     314.379
2.357     0.02912172     331.549     314.379
2.368     0.02465491     328.343     314.379
2.380     0.01988622     317.839     314.379
2.392     0.02039030     309.312     314.379
2.403     0.01683807     302.849     314.379
2.415     0.01107950     299.938     333.073
2.426     0.01178134     301.528     333.073
2.438     0.01313255     306.429     333.073
2.450     0.01805437     314.276     333.073
2.461     0.02432844     325.386     333.073
2.473     0.02412038     334.221     333.073
2.485     0.03733498     340.325     333.073
2.496     0.05608332     343.362     333.073
2.508     0.06062302     344.285     333.073
2.519     0.06547038     343.830     333.073
2.531     0.06586909     342.095     333.073
2.543     0.05963470     338.812     333.073
2.554     0.04685961     335.373     333.073
2.566     0.02442207     332.233     333.073
2.577     0.01610608     329.933     333.073
2.589     0.01668616     327.506     333.073
2.601     0.01436459     325.132     333.073
2.612     0.01543572     327.226     333.073
2.624     0.01587058     331.507     333.073
2.635     0.02189725     336.948     333.073
2.647     0.03516457     341.070     333.073
2.659     0.03964548     342.526     333.073
2.670     0.03511034     342.648     333.073
2.682     0.03286715     341.663     333.073
2.694     0.03219827     339.497     333.073
2.705     0.03035001     337.599     333.073
2.717     0.02315140     336.195     333.073
2.728     0.01769766     335.440     333.073
2.740     0.02151496     334.883     333.073
2.752     0.02395985     334.378     333.073
2.763     0.02175538     333.419     333.073
2.775     0.02402044     333.783     333.073
2.786     0.03201947     334.962     333.073
2.798     0.03980115     336.542     333.073
2.810     0.04337424     337.121     333.073
2.821     0.04011228     336.884     333.073
2.833     0.03076954     335.582     333.073
2.844     0.02318191     335.039     333.073
2.856     0.02354880     335.487     333.073
2.868     0.02993749     336.758     333.073
2.879     0.03476682     336.745     333.073
2.891     0.03242431     336.337     333.073
2.902     0.02711668     335.724     333.073
2.914     0.02425602     335.038     333.073
2.926     0.02419313     335.412     333.073
2.937     0.02585977     336.003     333.073
2.949     0.02552625     336.364     333.073
2.961     0.02398538     335.200     333.073
2.972     0.02451667     334.228     333.073
2.984     0.02557866     333.752     333.073
2.995     0.02760505     334.183     333.073
3.007     0.02583167     334.364     333.073
3.019     0.02273834     334.326     333.073
3.030     0.02344173     333.937     333.073
3.042     0.02567304     334.253     333.073
3.053     0.02870657     334.884     333.073
3.065     0.03109503     335.731     333.073
3.077     0.02943579     335.157     333.073
3.088     0.02515305     334.614     333.073
3.100     0.02433293     334.457     333.073
3.111     0.02731733     336.084     333.073
3.123     0.02986925     337.315     333.073
3.135     0.02662839     337.844     333.073
3.146     0.02031498     336.475     333.073
3.158     0.01679997     334.954     333.073
3.170     0.01653212     333.414     333.073
3.181     0.02079594     332.056     333.073
3.193     0.02566571     332.025     333.073
3.204     0.02655295     332.275     333.073
3.216     0.02530769     332.572     333.073
3.228     0.02344047     332.316     333.073
3.239     0.02077873     331.174     333.073
3.251     0.01730821     328.767     333.073
3.262     0.01509951     319.065     333.073
3.274     0.01844995     306.601     0.000
3.286     0.01934166     295.867     0.000
3.297     0.01838416     297.262     333.073
3.309     0.02382993     304.059     333.073
3.320     0.03437343     313.099     333.073
3.332     0.03613050     323.444     333.073
3.344     0.02828698     332.286     333.073
3.355     0.02970314     338.983     333.073
3.367     0.03267733     343.268     333.073
3.379     0.03143122     341.726     333.073
3.390     0.02396624     337.738     333.073
3.402     0.01324016     331.959     333.073
3.413     0.01405642     324.577     333.073
3.425     0.01408661     320.508     333.073
3.437     0.01775161     319.920     333.073
3.448     0.02283352     323.752     333.073
3.460     0.01810129     328.186     333.073
3.471     0.01401366     332.582     333.073
3.483     0.01848020     336.729     333.073
3.495     0.03007332     340.434     333.073
3.506     0.03384719     342.602     333.073
3.518     0.03112613     343.223     333.073
3.529     0.03273163     341.046     333.073
3.541     0.03308853     336.971     333.073
3.553     0.02158404     330.565     333.073
3.564     0.01147390     319.126     333.073
3.576     0.01075422     309.679     314.379
3.587     0.00928681     304.568     314.379
3.599     0.00707443     305.375     314.379
3.611     0.01004373     310.420     314.379
3.622     0.01726898     315.337     314.379
3.634     0.02137055     319.451     314.379
3.646     0.02216168     320.933     314.379
3.657     0.02070276     321.387     314.379
3.669     0.02181541     321.095     314.379
3.680     0.02560941     320.219     314.379
3.692     0.02777683     319.089     314.379
3.704     0.02876351     317.960     314.379
3.715     0.02857303     316.999     314.379
3.727     0.03355328     316.316     314.379
3.738     0.02861499     316.075     314.379
3.750     0.01606313     316.280     314.379
3.762     0.00865629     316.170     314.379
3.773     0.00374190     315.828     314.379
3.785     0.00184362     315.418     314.379
3.796     0.00125106     315.705     314.379
3.808     0.00167827     314.428     314.379
3.820     0.00318483     311.992     314.379
3.831     0.00360475     307.981     314.379
3.843     0.00248788     307.655     314.379
3.855     0.00182145     308.570     314.379
3.866     0.00163902     310.435     314.379
3.878     0.00131942     307.330     314.379
3.889     0.00074633     303.822     314.379
3.901     0.00065092     301.322     314.379
3.913     0.00067258     310.075     314.379
3.924     0.00049076     313.421     0.000
3.936     0.00040021     0.000     0.000
3.947     0.00019695     0.000     0.000
3.959     0.00013964     0.000     0.000
3.971     0.00014341     0.000     0.000
3.982     0.00011974     0.000     0.000
3.994     0.00010238     0.000     0.000
4.005     0.00013018     0.000     0.000
4.017     0.00014972     0.000     0.000
4.029     0.00010309     0.000     0.000
4.040     0.00005169     0.000     0.000
4.052     0.00004379     0.000     0.000
4.063     0.00003111     0.000     0.000
4.075     0.00001445     0.000     0.000
4.087     0.00001939     0.000     0.000
4.098     0.00002266     0.000     0.000
4.110     0.00001924     0.000     0.000
4.122     0.00001815     0.000     0.000
4.133     0.00001415     0.000     0.000
4.145     0.00002929     0.000     0.000
4.156     0.00002883     0.000     0.000
4.168     0.00001312     0.000     0.000
4.180     0.00000880     0.000     0.000
4.191     0.00002186     0.000     0.000
4.203     0.00001434     0.000     0.000
4.214     0.00000557     0.000     0.000
4.226     0.00000575     0.000     0.000
4.238     0.00000558     0.000     0.000
4.249     0.00000480     0.000     0.000
4.261     0.00000712     0.000     0.000
4.272     0.00000754     0.000     0.000
4.284     0.00000612     0.000     0.000
4.296     0.00000734     0.000     0.000
4.307     0.00000651     0.000     0.000
4.319     0.00000970     0.000     0.000
4.331     0.00001256     0.000     0.000
4.342     0.00000432     0.000     0.000
4.354     0.00000332     0.000     0.000
4.365     0.00000897     0.000     0.000
4.377     0.00001079     0.000     0.000
4.389     0.00000547     0.000     0.000
4.400     0.00000222     0.000     0.000
4.412     0.00000434     0.000     0.000
4.423     0.00000856     0.000     0.000
4.435     0.00000700     0.000     0.000
4.447     0.00000301     0.000     0.000
4.458     0.00001646     0.000     0.000
4.470     0.00001081     0.000     0.000
4.481     0.00001303     0.000     0.000
4.493     0.00000672     0.000     0.000
4.505     0.00001311     0.000     0.000
4.516     0.00000653     0.000     0.000
4.528     0.00000255     0.000     0.000
4.540     0.00000444     0.000     0.000
4.551     0.00000388     0.000     0.000
4.563     0.00000279     0.000     0.000
4.574     0.00000464     0.000     0.000
4.586     0.00000748     0.000     0.000
4.598     0.00000585     0.000     0.000
4.609     0.00000361     0.000     0.000
4.621     0.00001056     0.000     0.000
4.632     0.00001361     0.000     0.000
4.644     0.00000849     0.000     0.000
4.656     0.00000763     0.000     0.000
4.667     0.00000323     0.000     0.000
4.679     0.00001946     0.000     0.000
4.690     0.00002256     135.759     0.000
4.702     0.00001223     136.329     0.000
4.714     0.00004293     139.568     0.000
4.725     0.00012401     147.743     0.000
4.737     0.00024369     158.171     0.000
4.748     0.00053364     169.107     0.000
4.760     0.00132104     180.969     0.000
4.772     0.00337696     195.423     0.000
4.783     0.00572715     213.564     0.000
4.795     0.00532654     234.590     0.000
4.807     0.00477626     250.780     314.379
4.818     0.00656364     263.484     314.379
4.830     0.00682243     278.722     314.379
4.841     0.00684567     290.565     314.379
4.853     0.01507976     300.254     314.379
4.865     0.02812605     307.516     314.379
4.876     0.03937497     311.283     314.379
4.888     0.05724698     313.589     314.379
4.899     0.07611995     315.128     314.379
4.911     0.08209172     313.331     314.379
4.923     0.08536405     312.535     314.379
4.934     0.08664344     313.181     314.379
4.946     0.09336022     315.404     314.379
4.957     0.09653743     317.162     314.379
4.969     0.08648195     318.567     314.379
4.981     0.07713379     319.540     314.379
4.992     0.07333393     319.858     314.379
5.004     0.07968739     319.666     314.379
5.016     0.08208797     318.790     314.379
5.027     0.07370096     317.935     314.379
5.039     0.06443603     316.787     314.379
5.050     0.05619791     315.335     314.379
5.062     0.04833516     313.811     314.379
5.074     0.03509848     312.421     314.379
5.085     0.01911233     311.427     314.379
5.097     0.02239200     311.698     314.379
5.108     0.04385262     312.881     314.379
5.120     0.06406529     314.636     314.379
5.132     0.07858076     317.025     314.379
5.143     0.07921016     316.592     314.379
5.155     0.06180817     316.013     314.379
5.166     0.02747932     315.767     314.379
5.178     0.00572002     314.128     314.379
5.190     0.00711379     306.821     280.080
5.201     0.00867816     295.509     280.080
5.213     0.00970635     285.459     280.080
5.224     0.00969676     279.933     280.080
5.236     0.00829996     278.543     280.080
5.248     0.00955428     281.677     280.080
5.259     0.01182356     286.909     280.080
5.271     0.01144051     292.438     280.080
5.283     0.00834923     297.542     280.080
5.294     0.00596151     300.492     280.080
5.306     0.00650985     300.976     280.080
5.317     0.00639559     298.869     280.080
5.329     0.00707732     291.443     280.080
5.341     0.00926354     284.919     280.080
5.352     0.01024229     279.984     280.080
5.364     0.01057763     279.797     314.379
5.375     0.01048311     281.544     314.379
5.387     0.01122105     284.988     314.379
5.399     0.01102240     290.248     314.379
5.410     0.00917372     296.386     314.379
5.422     0.00887175     304.175     314.379
5.433     0.01077767     313.893     314.379
5.445     0.01255214     318.762     314.379
5.457     0.01244449     320.851     314.379
5.468     0.01353551     320.645     314.379
5.480     0.01510508     318.460     314.379
5.492     0.01506503     316.738     314.379
5.503     0.01688016     315.508     314.379
5.515     0.01903324     315.162     314.379
5.526     0.01654186     314.185     314.379
5.538     0.01555200     313.446     314.379
5.550     0.01730989     313.232     314.379
5.561     0.01793919     313.033     314.379
5.573     0.01997400     312.595     314.379
5.584     0.02079234     311.939     314.379
5.596     0.02025137     311.452     314.379
5.608     0.01871272     311.583     314.379
5.619     0.01563793     311.857     314.379
5.631     0.01454720     311.376     314.379
5.642     0.01497492     310.995     314.379
5.654     0.01484580     310.561     314.379
5.666     0.01590222     309.985     314.379
5.677     0.01606823     308.263     314.379
5.689     0.01483981     303.101     314.379
5.700     0.01504367     294.664     314.379
5.712     0.01815619     284.509     314.379
5.724     0.02168337     274.342     314.379
5.735     0.02483320     265.147     0.000
5.747     0.02679937     259.865     0.000
5.759     0.02228029     258.316     0.000
5.770     0.02064280     259.600     0.000
5.782     0.02371029     264.886     314.379
5.793     0.01779258     272.793     314.379
5.805     0.01551248     282.062     314.379
5.817     0.01897309     292.729     314.379
5.828     0.01589548     302.598     314.379
5.840     0.01383435     310.094     314.379
5.851     0.01504059     315.365     314.379
5.863     0.01411399     316.529     314.379
5.875     0.01234103     316.339     314.379
5.886     0.01231000     314.939     314.379
5.898     0.01028882     312.235     314.379
5.909     0.00897189     307.318     314.379
5.921     0.00920696     302.616     314.379
5.933     0.00957124     299.226     314.379
5.944     0.00996967     299.272     314.379
5.956     0.00921015     300.793     314.379
5.968     0.00888373     303.686     314.379
5.979     0.00914911     307.470     314.379
5.991     0.01105547     308.959     314.379
6.002     0.01135081     309.357     314.379
6.014     0.01003367     309.965     314.379
6.026     0.00992478     311.010     314.379
6.037     0.01142610     312.115     314.379
6.049     0.01219267     313.050     314.379
6.060     0.01153538     309.916     314.379
6.072     0.01123313     305.874     314.379
6.084     0.01027586     301.378     314.379
6.095     0.00851304     298.948     314.379
6.107     0.00731447     297.582     333.073
6.118     0.00638175     296.847     333.073
6.130     0.00563543     295.370     333.073
6.142     0.00564330     297.136     333.073
6.153     0.00590642     301.761     333.073
6.165     0.00655650     310.852     333.073
6.177     0.00801525     320.924     333.073
6.188     0.00796661     328.712     333.073
6.200     0.00822087     333.325     333.073
6.211     0.01114852     334.415     333.073
6.223     0.01320697     335.055     333.073
6.235     0.01381065     335.145     333.073
6.246     0.01423618     333.934     333.073
6.258     0.01575364     332.238     333.073
6.269     0.01514676     329.824     333.073
6.281     0.01127042     325.566     333.073
6.293     0.00880349     323.672     333.073
6.304     0.01240580     323.812     333.073
6.316     0.01511244     326.652     333.073
6.327     0.01218023     328.445     333.073
6.339     0.01113656     330.079     333.073
6.351     0.01371851     331.629     333.073
6.362     0.01766394     332.374     333.073
6.374     0.02050965     332.516     333.073
6.385     0.02005703     332.073     333.073
6.397     0.01683860     331.000     333.073
6.409     0.01247044     329.873     333.073
6.420     0.00862240     328.811     333.073
6.432     0.00582777     327.956     333.073
6.444     0.00442335     328.759     333.073
6.455     0.00486240     328.557     333.073
6.467     0.00632511     326.881     333.073
6.478     0.00925852     316.558     333.073
6.490     0.01124450     305.013     333.073
6.502     0.01456298     294.299     0.000
6.513     0.02036136     293.191     0.000
6.525     0.02094710     297.236     333.073
6.536     0.01604314     305.716     333.073
6.548     0.01722219     318.808     333.073
6.560     0.02226180     331.277     333.073
6.571     0.03240820     340.959     333.073
6.583     0.04770143     346.030     333.073
6.594     0.04961087     344.545     333.073
6.606     0.03792459     341.115     333.073
6.618     0.02458895     335.936     333.073
6.629     0.01265322     329.879     333.073
6.641     0.00870186     325.506     333.073
6.653     0.00894266     323.107     333.073
6.664     0.00875697     324.993     333.073
6.676     0.00873569     328.024     333.073
6.687     0.01027893     331.465     333.073
6.699     0.01656020     334.964     333.073
6.711     0.02091234     338.646     333.073
6.722     0.02338268     341.085     333.073
6.734     0.02380181     341.681     333.073
6.745     0.01985929     338.471     333.073
6.757     0.00982664     331.515     314.379
6.769     0.00541279     321.295     314.379
6.780     0.00606157     306.108     314.379
6.792     0.00398337     301.822     314.379
6.803     0.00358018     302.202     314.379
6.815     0.00429600     305.527     314.379
6.827     0.00496586     309.973     314.379
6.838     0.00619183     313.188     314.379
6.850     0.00735298     314.656     314.379
6.861     0.00717566     315.288     314.379
6.873     0.00813804     314.792     314.379
6.885     0.00844241     313.188     314.379
6.896     0.00775221     311.026     314.379
6.908     0.00776437     311.136     314.379
6.920     0.00872050     312.235     314.379
6.931     0.01075206     313.113     314.379
6.943     0.01180187     312.422     314.379
6.954     0.01098315     311.566     314.379
6.966     0.01019256     310.928     314.379
6.978     0.01010970     312.465     314.379
6.989     0.01017226     314.218     314.379
7.001     0.00881325     315.974     314.379
7.012     0.00564919     317.685     314.379
7.024     0.00362395     315.510     314.379
7.036     0.00307157     310.144     314.379
7.047     0.00263921     302.525     314.379
7.059     0.00167047     296.791     314.379
7.070     0.00102880     289.121     314.379
7.082     0.00063709     275.556     314.379
7.094     0.00021962     272.407     314.379
7.105     0.00017567     271.180     0.000
7.117     0.00027538     271.180     0.000
7.129     0.00026221     0.000     0.000
7.140     0.00019890     0.000     0.000
7.152     0.00014355     0.000     0.000
7.163     0.00009105     0.000     0.000
7.175     0.00008099     0.000     0.000
7.187     0.00004096     0.000     0.000
7.198     0.00005080     0.000     0.000
7.210     0.00007077     0.000     0.000
7.221     0.00007163     0.000     0.000
7.233     0.00005598     0.000     0.000
7.245     0.00006075     0.000     0.000
7.256     0.00005273     0.000     0.000
7.268     0.00002611     0.000     0.000
7.279     0.00002168     0.000     0.000
7.291     0.00002475     0.000     0.000
7.303     0.00002087     0.000     0.000
7.314     0.00001633     0.000     0.000
7.326     0.00000982     0.000     0.000
7.338     0.00001001     0.000     0.000
7.349     0.00001073     0.000     0.000
7.361     0.00000897     0.000     0.000
7.372     0.00000887     0.000     0.000
7.384     0.00000682     0.000     0.000
7.396     0.00000695     0.000     0.000
7.407     0.00001317     0.000     0.000
7.419     0.00001313     0.000     0.000
7.430     0.00000937     0.000     0.000
7.442     0.00000846     0.000     0.000
7.454     0.00001427     0.000     0.000
7.465     0.00001998     0.000     0.000
7.477     0.00001732     0.000     0.000
7.488     0.00001934     0.000     0.000
7.500     0.00003906     0.000     0.000
7.512     0.00005081     0.000     0.000
7.523     0.00004888     0.000     280.080
7.535     0.00006749     253.603     280.080
7.546     0.00024946     253.603     280.080
7.558     0.00105130     257.531     280.080
7.570     0.00116097     264.059     280.080
7.581     0.00075939     273.535     280.080
7.593     0.00255373     282.635     280.080
7.605     0.00815939     292.223     280.080
7.616     0.01546822     302.670     280.080
7.628     0.01439096     308.150     280.080
7.639     0.00931396     309.751     280.080
7.651     0.00881309     308.062     280.080
7.663     0.00660679     301.782     280.080
7.674     0.00424311     296.205     280.080
7.686     0.00418857     291.133     280.080
7.697     0.00407268     286.292     280.080
7.709     0.00436440     280.707     280.080
7.721     0.00438422     275.672     280.080
7.732     0.00339102     272.310     280.080
7.744     0.00381011     272.850     280.080
7.755     0.00375949     274.770     280.080
7.767     0.00347353     277.947     280.080
7.779     0.00575125     283.060     280.080
7.790     0.00671446     289.004     280.080
7.802     0.00580852     294.585     280.080
7.814     0.00497851     295.809     280.080
7.825     0.00406004     295.223     280.080
7.837     0.00519653     293.294     280.080
7.848     0.00600245     290.171     280.080
7.860     0.00669424     287.782     280.080
7.872     0.00779987     285.798     280.080
7.883     0.00833664     284.237     280.080
7.895     0.00857860     281.743     280.080
7.906     0.00881074     280.107     280.080
7.918     0.00909832     279.380     280.080
7.930     0.00918222     280.888     280.080
7.941     0.01135939     282.666     280.080
7.953     0.01314122     284.497     280.080
7.964     0.01326308     286.154     280.080
7.976     0.01181027     286.937     280.080
7.988     0.01102371     285.860     280.080
7.999     0.01196873     282.381     280.080
8.011     0.01073672     277.565     280.080
8.022     0.00876392     273.956     280.080
8.034     0.00860824     272.066     280.080
8.046     0.00866397     272.804     314.379
8.057     0.00721764     275.540     314.379
8.069     0.00611664     280.122     314.379
8.081     0.00802088     288.096     314.379
8.092     0.00940185     295.491     314.379
8.104     0.01014771     304.427     314.379
8.115     0.01346839     316.897     314.379
8.127     0.01477762     324.677     314.379
8.139     0.01148215     328.849     314.379
8.150     0.00901492     329.893     314.379
8.162     0.00858418     327.183     314.379
8.173     0.00865200     323.535     314.379
8.185     0.00990355     318.959     314.379
8.197     0.01045875     313.576     314.379
8.208     0.00830131     308.961     314.379
8.220     0.00630542     305.710     314.379
8.231     0.00628119     305.676     314.379
8.243     0.00705238     308.266     314.379
8.255     0.00932906     312.272     314.379
8.266     0.01260935     317.779     314.379
8.278     0.01304328     323.216     314.379
8.290     0.01217509     327.129     314.379
8.301     0.01308819     329.396     314.379
8.313     0.01339518     327.406     314.379
8.324     0.01200935     321.591     314.379
8.336     0.01186959     314.113     314.379
8.348     0.01130326     308.246     314.379
8.359     0.00889457     301.219     333.073
8.371     0.00766930     295.301     333.073
8.382     0.01003027     292.300     333.073
8.394     0.01103758     296.133     333.073
8.406     0.01114267     301.887     333.073
8.417     0.01377741     309.250     333.073
8.429     0.01741209     314.613     333.073
8.440     0.01930597     320.811     333.073
8.452     0.01909714     327.464     333.073
8.464     0.02007596     334.069     333.073
8.475     0.02329267     336.568     333.073
8.487     0.02402927     335.701     333.073
8.499     0.02080305     331.436     333.073
8.510     0.01809073     323.924     333.073
8.522     0.01675478     317.888     333.073
8.533     0.01848921     314.880     333.073
8.545     0.01872637     317.757     333.073
8.557     0.01993458     321.334     333.073
8.568     0.02265916     325.504     333.073
8.580     0.02307887     330.150     333.073
8.591     0.02930535     333.587     333.073
8.603     0.03746884     336.223     333.073
8.615     0.03483870     337.895     333.073
8.626     0.02677015     335.940     333.073
8.638     0.01997347     332.960     333.073
8.649     0.01661648     329.863     333.073
8.661     0.01204941     321.687     314.379
8.673     0.00907070     312.924     314.379
8.684     0.00860647     304.452     314.379
8.696     0.00666393     301.167     314.379
8.707     0.00731142     300.490     314.379
8.719     0.00863503     301.961     314.379
8.731     0.00907531     306.659     314.379
8.742     0.01132818     310.789     314.379
8.754     0.01724702     314.510     314.379
8.766     0.01671567     317.700     314.379
8.777     0.01388714     318.613     314.379
8.789     0.01604253     317.843     314.379
8.800     0.01532264     315.639     314.379
8.812     0.01194084     311.745     314.379
8.824     0.00944832     307.156     333.073
8.835     0.00741278     302.444     333.073
8.847     0.00670295     299.483     333.073
8.858     0.00657234     300.765     333.073
8.870     0.00771852     304.497     333.073
8.882     0.00977382     310.611     333.073
8.893     0.01436758     319.101     333.073
8.905     0.01763207     327.818     333.073
8.916     0.01747011     336.410     333.073
8.928     0.02167109     341.841     333.073
8.940     0.02643144     344.303     333.073
8.951     0.02656017     344.368     333.073
8.963     0.02521965     341.884     333.073
8.975     0.01726734     336.811     314.379
8.986     0.00810225     326.618     314.379
8.998     0.00609232     306.345     314.379
9.009     0.00505556     297.177     314.379
9.021     0.00409359     292.626     314.379
9.033     0.00468655     291.802     314.379
9.044     0.00529158     294.115     314.379
9.056     0.00555774     298.833     314.379
9.067     0.00657644     305.824     314.379
9.079     0.00795246     311.981     314.379
9.091     0.01026301     317.056     314.379
9.102     0.01012104     320.331     314.379
9.114     0.00862750     318.396     314.379
9.125     0.00795292     314.528     314.379
9.137     0.00616360     310.328     314.379
9.149     0.00520285     306.860     314.379
9.160     0.00467125     305.582     314.379
9.172     0.00441275     304.037     314.379
9.183     0.00457520     301.871     314.379
9.195     0.00515492     302.898     314.379
9.207     0.00523408     303.070     314.379
9.218     0.00519814     302.938     314.379
9.230     0.00658493     305.303     333.073
9.242     0.00808946     308.880     333.073
9.253     0.01084764     314.157     333.073
9.265     0.01581845     322.830     333.073
9.276     0.01758278     330.497     333.073
9.288     0.02097960     336.172     333.073
9.300     0.02775032     339.517     333.073
9.311     0.02966844     340.709     333.073
9.323     0.02814067     340.453     333.073
9.334     0.02320817     338.955     333.073
9.346     0.01130584     338.341     314.379
9.358     0.00489090     336.689     314.379
9.369     0.00518120     329.144     314.379
9.381     0.00349096     299.358     314.379
9.392     0.00361991     293.603     314.379
9.404     0.00404421     294.953     314.379
9.416     0.00420515     299.399     314.379
9.427     0.00485824     306.653     314.379
9.439     0.00610706     311.675     314.379
9.451     0.00831762     314.130     314.379
9.462     0.00789939     315.011     314.379
9.474     0.00704720     316.592     314.379
9.485     0.00807146     318.120     314.379
9.497     0.00743054     317.449     314.379
9.509     0.00705962     313.890     314.379
9.520     0.00640746     309.093     314.379
9.532     0.00512930     303.730     314.379
9.543     0.00460533     301.978     314.379
9.555     0.00459777     302.761     314.379
9.567     0.00532561     306.331     314.379
9.578     0.00655889     310.172     314.379
9.590     0.00935490     314.496     314.379
9.601     0.01155750     318.894     314.379
9.613     0.01181286     321.503     314.379
9.625     0.01316903     322.026     314.379
9.636     0.01435922     320.874     314.379
9.648     0.01490392     318.186     314.379
9.660     0.01256772     312.718     314.379
9.671     0.00823044     305.213     314.379
9.683     0.00635512     295.117     314.379
9.694     0.00745348     287.490     0.000
9.706     0.00931368     283.507     333.073
9.718     0.01013959     283.394     333.073
9.729     0.01112640     292.326     333.073
9.741     0.01107103     300.686     333.073
9.752     0.01274622     309.325     333.073
9.764     0.01664825     320.136     333.073
9.776     0.01378662     329.560     333.073
9.787     0.01078372     335.259     333.073
9.799     0.01080301     335.267     333.073
9.810     0.00997818     333.243     333.073
9.822     0.01163146     331.194     333.073
9.834     0.01172671     329.468     333.073
9.845     0.00990898     328.699     333.073
9.857     0.00807143     327.910     333.073
9.868     0.00751348     327.373     333.073
9.880     0.00821228     328.650     333.073
9.892     0.00939033     330.117     333.073
9.903     0.00967877     331.632     333.073
9.915     0.00942653     333.107     333.073
9.927     0.00971187     334.169     333.073
9.938     0.00965695     334.664     333.073
9.950     0.00887769     334.559     333.073
9.961     0.00914975     332.471     333.073
9.973     0.00925015     327.435     333.073
9.985     0.00819426     320.840     333.073
9.996     0.00666570     321.753     333.073
10.008     0.00304340     325.134     333.073
10.019     0.00064268     328.385     0.000
10.031     0.00075918     326.540     314.379
10.043     0.00060585     314.469     314.379
10.054     0.00026407     310.520     314.379
10.066     0.00030794     324.341     314.379
10.077     0.00040969     317.556     314.379
10.089     0.00067840     312.954     314.379
10.101     0.00080143     312.766     314.379
10.112     0.00103121     318.286     314.379
10.124     0.00126720     324.387     314.379
10.136     0.00108287     331.653     314.379
10.147     0.00157504     341.702     314.379
10.159     0.00526873     346.314     314.379
10.170     0.01085254     346.270     314.379
10.182     0.01351877     339.135     314.379
10.194     0.01285450     338.304     314.379
10.205     0.00871487     333.186     296.734
10.217     0.00585613     321.951     296.734
10.228     0.00766354     304.525     296.734
10.240     0.00806609     294.997     296.734
10.252     0.00727940     291.537     296.734
10.263     0.00738938     292.986     296.734
10.275     0.00773949     297.773     296.734
10.286     0.00946035     304.427     296.734
10.298     0.01124254     311.692     296.734
10.310     0.01141215     318.065     296.734
10.321     0.00968403     322.117     296.734
10.333     0.00803287     322.491     296.734
10.344     0.00927012     318.347     314.379
10.356     0.00919347     313.075     314.379
10.368     0.00631327     306.741     314.379
10.379     0.00413766     299.115     314.379
10.391     0.00321431     293.954     314.379
10.403     0.00357746     290.915     314.379
10.414     0.00377512     291.368     314.379
10.426     0.00343138     294.125     314.379
10.437     0.00392597     298.125     314.379
10.449     0.00525936     302.944     314.379
10.461     0.00654287     309.649     314.379
10.472     0.00721331     316.487     314.379
10.484     0.00654259     322.804     314.379
10.495     0.00635347     322.974     314.379
10.507     0.00604646     323.211     314.379
10.519     0.00481627     323.244     314.379
10.530     0.00417326     321.768     314.379
10.542     0.00529410     318.582     314.379
10.553     0.00694530     315.212     314.379
10.565     0.00715822     312.659     314.379
10.577     0.00748959     311.123     314.379
10.588     0.00812393     310.616     314.379
10.600     0.00812284     311.094     314.379
10.612     0.00929672     312.665     314.379
10.623     0.01109405     314.287     314.379
10.635     0.01153616     315.583     314.379
10.646     0.01052879     314.799     314.379
10.658     0.00882305     313.991     314.379
10.670     0.00860364     313.707     314.379
10.681     0.00840035     315.308     314.379
10.693     0.00693041     315.109     314.379
10.704     0.00650998     313.639     314.379
10.716     0.00776653     310.635     314.379
10.728     0.00885272     307.282     314.379
10.739     0.00653389     303.897     314.379
10.751     0.00519106     300.765     314.379
10.762     0.00528689     300.873     314.379
10.774     0.00467899     302.128     314.379
10.786     0.00586312     304.110     314.379
10.797     0.00770596     306.056     314.379
10.809     0.00965068     309.323     314.379
10.820     0.01073935     313.051     314.379
10.832     0.01179225     316.909     314.379
10.844     0.01093757     318.109     314.379
10.855     0.01022821     317.768     314.379
10.867     0.00981799     315.869     314.379
10.879     0.00840305     313.507     314.379
10.890     0.00773651     310.540     314.379
10.902     0.00694597     307.090     314.379
10.913     0.00559903     303.049     314.379
10.925     0.00476432     298.318     314.379
10.937     0.00462124     294.321     314.379
10.948     0.00554267     292.648     333.073
10.960     0.00648637     295.351     333.073
10.971     0.00833218     303.234     333.073
10.983     0.01289830     318.210     333.073
10.995     0.01356739     328.451     333.073
11.006     0.01284155     335.427     333.073
11.018     0.01454498     339.314     333.073
11.029     0.01347965     339.505     333.073
11.041     0.01025296     336.871     333.073
11.053     0.00624244     332.261     333.073
11.064     0.00569353     325.181     333.073
11.076     0.00619862     314.532     314.379
11.088     0.00522975     305.515     314.379
11.099     0.00418297     300.739     314.379
11.111     0.00299647     300.443     314.379
11.122     0.00363008     301.605     314.379
11.134     0.00439163     304.201     314.379
11.146     0.00539728     308.488     314.379
11.157     0.00754052     313.922     314.379
11.169     0.00859393     319.440     314.379
11.180     0.00704060     321.561     314.379
11.192     0.00630936     320.047     296.734
11.204     0.00647526     317.012     296.734
11.215     0.00527169     312.928     296.734
11.227     0.00392777     305.263     296.734
11.238     0.00314297     298.291     296.734
11.250     0.00323650     292.843     296.734
11.262     0.00398804     291.509     296.734
11.273     0.00390412     291.237     296.734
11.285     0.00396171     291.945     296.734
11.297     0.00392213     293.069     296.734
11.308     0.00405254     293.145     296.734
11.320     0.00406013     292.676     296.734
11.331     0.00381046     291.900     296.734
11.343     0.00408679     291.467     296.734
11.355     0.00406448     291.649     296.734
11.366     0.00420959     292.694     296.734
11.378     0.00408068     293.073     296.734
11.389     0.00372740     293.560     296.734
11.401     0.00368975     294.124     296.734
11.413     0.00360145     294.139     296.734
11.424     0.00394249     293.364     296.734
11.436     0.00401993     290.822     296.734
11.447     0.00347587     284.288     296.734
11.459     0.00247977     272.810     296.734
11.471     0.00196977     260.689     296.734
11.482     0.00144086     250.210     296.734
11.494     0.00053518     225.861     296.734
11.505     0.00029392     212.529     296.734
11.517     0.00020787     0.000     0.000
11.529     0.00016029     0.000     0.000
11.540     0.00016082     0.000     0.000
11.552     0.00017940     0.000     0.000
11.564     0.00015565     0.000     0.000
11.575     0.00014019     0.000     0.000
11.587     0.00011620     0.000     0.000
11.598     0.00008367     0.000     0.000
11.610     0.00005398     0.000     0.000
11.622     0.00004550     0.000     0.000
11.633     0.00003956     0.000     0.000
11.645     0.00002049     0.000     0.000
11.656     0.00001987     0.000     0.000
11.668     0.00002415     0.000     0.000
11.680     0.00002147     0.000     0.000
11.691     0.00001937     0.000     0.000
11.703     0.00001647     0.000     0.000
11.714     0.00001220     0.000     0.000
11.726     0.00000997     0.000     0.000
11.738     0.00001923     0.000     0.000
11.749     0.00001409     0.000     0.000
11.761     0.00001150     0.000     0.000
11.773     0.00002051     0.000     0.000
11.784     0.00002200     0.000     0.000
